10, 358, 348, 442
20, 357, 348, 442
30, 358, 348, 443
40, 358, 348, 442
50, 358, 348, 442
60, 357, 347, 443
70, 357, 348, 443
80, 357, 348, 442
90, 357, 348, 443
100, 357, 348, 443
110, 358, 348, 442
128, 358, 348, 442
145, 357, 348, 442
162, 357, 347, 441
181, 357, 349, 442
198, 358, 349, 441
216, 357, 348, 443
233, 357, 349, 443
251, 358, 349, 442
269, 357, 349, 441
286, 359, 349, 442
304, 357, 349, 441
322, 357, 348, 441
339, 357, 348, 444
357, 357, 347, 442
375, 356, 349, 441
393, 358, 349, 442
410, 357, 348, 441
428, 358, 349, 442
446, 359, 349, 441
463, 357, 348, 442
481, 357, 349, 442
498, 357, 348, 441
517, 356, 348, 442
534, 358, 348, 443
551, 358, 349, 442
569, 358, 349, 442
587, 357, 349, 443
605, 357, 348, 440
622, 357, 348, 442
641, 357, 348, 441
658, 358, 348, 442
675, 358, 349, 443
693, 358, 348, 442
711, 358, 349, 442
729, 357, 349, 443
746, 357, 348, 441
763, 358, 348, 442
782, 357, 348, 440
799, 356, 348, 441
817, 357, 348, 443
834, 357, 347, 443
852, 358, 349, 442
870, 358, 349, 442
887, 357, 348, 442
905, 357, 348, 441
923, 356, 348, 441
941, 357, 349, 441
958, 358, 349, 442
976, 357, 348, 442
994, 358, 348, 442
1011, 358, 349, 443
1030, 358, 349, 441
1049, 357, 348, 443
1068, 357, 349, 441
1086, 357, 348, 443
1104, 357, 349, 441
1124, 358, 348, 442
1142, 357, 347, 442
1161, 357, 349, 442
1180, 358, 348, 441
1199, 358, 347, 442
1217, 358, 349, 443
1235, 358, 348, 442
1255, 358, 349, 443
1273, 357, 348, 442
1292, 357, 348, 441
1311, 358, 349, 443
1330, 358, 348, 442
1348, 357, 348, 443
1367, 357, 348, 442
1386, 358, 348, 441
1404, 357, 348, 441
1423, 358, 348, 441
1442, 357, 348, 441
1461, 357, 348, 443
1479, 357, 348, 442
1498, 358, 349, 443
1517, 358, 349, 443
1536, 357, 348, 442
1554, 358, 348, 443
1573, 356, 348, 442
1592, 358, 349, 442
1610, 357, 349, 442
1629, 357, 348, 442
1648, 357, 349, 441
1667, 358, 348, 442
1685, 357, 348, 441
1703, 357, 348, 442
1723, 357, 348, 441
1741, 356, 348, 442
1760, 357, 348, 442
1779, 357, 348, 443
1798, 358, 349, 442
1816, 358, 349, 442
1835, 357, 348, 442
1854, 358, 348, 443
1872, 357, 348, 442
1891, 359, 349, 441
1910, 359, 349, 442
1929, 357, 348, 442
1947, 358, 349, 443
1966, 356, 348, 442
1985, 357, 348, 442
2003, 358, 348, 443
2022, 357, 347, 441
2041, 357, 348, 443
2060, 357, 349, 442
2078, 356, 348, 443
2097, 356, 348, 442
2116, 358, 348, 442
2135, 358, 348, 442
2153, 357, 349, 444
2172, 356, 348, 442
2191, 358, 349, 442
2209, 358, 350, 442
2228, 357, 348, 442
2247, 358, 348, 442
2266, 357, 348, 442
2284, 356, 347, 443
2302, 357, 348, 442
2322, 356, 348, 442
2340, 357, 349, 441
2359, 358, 348, 443
2378, 357, 349, 442
2397, 358, 349, 442
2415, 357, 348, 442
2434, 356, 348, 442
2453, 357, 349, 443
2471, 356, 349, 442
2490, 358, 349, 442
2509, 358, 348, 442
2528, 357, 348, 442
2546, 357, 349, 443
2565, 356, 348, 442
2584, 356, 348, 442
2603, 356, 348, 442
2621, 356, 348, 442
2640, 356, 348, 442
2659, 357, 349, 442
2677, 357, 348, 443
2696, 359, 350, 442
2715, 358, 348, 443
2734, 357, 348, 442
2752, 357, 348, 443
2771, 356, 348, 442
2790, 357, 348, 441
2808, 357, 348, 442
2827, 356, 347, 442
2846, 357, 348, 442
2865, 356, 347, 442
2883, 356, 348, 442
2902, 357, 349, 442
2921, 357, 348, 441
2939, 357, 348, 442
2958, 357, 349, 442
2977, 356, 349, 442
2996, 357, 348, 443
3014, 356, 348, 442
3033, 357, 349, 441
3052, 357, 349, 442
3070, 357, 348, 441
3089, 358, 348, 441
3108, 357, 349, 442
3127, 356, 347, 442
3145, 356, 348, 442
3164, 355, 348, 442
3183, 357, 347, 442
3202, 358, 349, 441
3220, 357, 349, 441
3239, 357, 348, 443
3258, 357, 349, 443
3276, 357, 349, 441
3295, 358, 349, 442
3314, 357, 348, 442
3333, 357, 348, 442
3351, 357, 349, 442
3371, 357, 349, 441
3389, 358, 348, 442
3407, 356, 348, 442
3426, 355, 347, 440
3445, 356, 349, 442
3464, 357, 348, 441
3482, 359, 347, 442
3501, 357, 348, 442
3520, 356, 348, 443
3538, 357, 348, 442
3557, 357, 348, 442
3576, 357, 350, 441
3595, 361, 347, 443
3613, 356, 345, 444
3632, 358, 347, 443
3651, 358, 348, 442
3670, 359, 347, 442
3688, 359, 349, 441
3707, 355, 348, 440
3726, 354, 347, 440
3744, 353, 346, 441
3763, 355, 344, 442
3782, 355, 347, 442
3801, 356, 348, 441
3819, 355, 348, 440
3838, 354, 347, 441
3857, 351, 349, 441
3875, 357, 344, 441
3894, 351, 347, 441
3913, 353, 346, 438
3932, 345, 345, 442
3950, 358, 347, 438
3970, 364, 345, 437
3988, 358, 341, 439
4006, 359, 340, 435
4025, 358, 338, 438
4044, 362, 337, 438
4063, 362, 338, 439
4081, 356, 338, 437
4100, 356, 336, 435
4119, 356, 337, 437
4137, 357, 336, 438
4156, 354, 336, 436
4175, 357, 333, 435
4194, 357, 335, 433
4212, 358, 332, 434
4231, 359, 331, 434
4250, 355, 331, 433
4269, 355, 327, 433
4287, 357, 329, 431
4306, 354, 328, 430
4325, 357, 326, 430
4343, 358, 324, 432
4362, 350, 326, 431
4381, 350, 323, 432
4400, 353, 322, 432
4418, 357, 321, 431
4438, 358, 324, 429
4456, 356, 325, 429
4474, 356, 322, 428
4493, 357, 320, 431
4512, 354, 321, 429
4531, 350, 324, 426
4549, 350, 324, 425
4569, 356, 322, 424
4587, 359, 320, 425
4605, 358, 315, 425
4624, 358, 314, 425
4643, 356, 315, 425
4662, 354, 317, 423
4680, 358, 318, 423
4699, 353, 315, 422
4718, 350, 308, 424
4737, 350, 313, 420
4755, 346, 314, 419
4774, 355, 312, 419
4793, 360, 310, 419
4811, 351, 318, 414
4830, 355, 308, 416
4849, 362, 309, 415
4868, 361, 303, 414
4886, 351, 307, 412
4905, 356, 303, 412
4924, 357, 305, 411
4942, 358, 306, 409
4961, 364, 304, 409
4980, 357, 308, 407
4999, 360, 303, 411
5017, 365, 302, 408
5037, 357, 306, 409
5055, 362, 303, 405
5073, 367, 302, 405
5092, 361, 303, 404
5111, 352, 303, 403
5130, 360, 302, 404
5148, 366, 300, 404
5168, 358, 298, 404
5186, 363, 300, 402
5204, 361, 298, 401
5223, 359, 302, 401
5242, 359, 301, 401
5261, 363, 294, 402
5279, 369, 299, 399
5298, 362, 297, 400
5317, 356, 299, 399
5336, 356, 300, 398
5354, 360, 300, 399
5373, 365, 298, 400
5392, 362, 298, 399
5410, 359, 299, 398
5429, 360, 301, 399
5448, 359, 299, 398
5467, 360, 300, 399
5485, 359, 300, 401
5505, 360, 298, 400
5523, 359, 301, 400
5541, 357, 301, 400
5560, 357, 302, 398
5579, 360, 300, 400
5598, 358, 300, 400
5616, 355, 299, 400
5636, 360, 299, 399
5654, 360, 297, 400
5672, 360, 302, 398
5691, 356, 299, 398
5710, 354, 300, 400
5729, 357, 301, 399
5747, 360, 300, 399
5767, 361, 300, 399
5785, 359, 300, 401
5804, 358, 299, 401
5822, 360, 300, 401
5841, 359, 301, 399
5860, 360, 298, 401
5878, 357, 302, 402
5897, 356, 299, 400
5916, 360, 302, 399
5935, 363, 299, 401
5953, 358, 301, 400
5972, 358, 299, 401
5991, 358, 299, 400
6009, 356, 302, 400
6028, 361, 300, 400
6047, 360, 300, 400
6066, 359, 300, 400
6084, 359, 300, 399
6104, 356, 300, 401
6122, 356, 302, 401
6140, 357, 302, 400
6159, 361, 300, 400
6178, 364, 301, 400
6197, 360, 302, 399
6215, 360, 300, 403
6235, 358, 302, 400
6253, 359, 300, 401
6272, 361, 301, 400
6290, 360, 301, 400
6309, 360, 300, 400
6328, 362, 299, 401
6346, 359, 291, 402
6366, 358, 302, 400
6384, 361, 301, 401
6403, 364, 302, 401
6421, 362, 302, 402
6440, 361, 302, 401
6459, 361, 302, 401
6477, 364, 301, 402
6496, 364, 300, 402
6515, 364, 301, 401
6534, 363, 302, 401
6552, 361, 301, 402
6572, 362, 300, 403
6590, 363, 301, 400
6608, 367, 297, 403
6627, 363, 300, 403
6646, 359, 298, 405
6665, 359, 303, 404
6683, 359, 304, 403
6703, 366, 301, 405
6721, 364, 305, 405
6739, 368, 302, 408
6758, 365, 298, 409
6777, 363, 305, 407
6796, 366, 305, 405
6814, 368, 303, 410
6834, 369, 306, 411
6852, 363, 307, 410
6871, 359, 307, 410
6889, 371, 307, 415
6908, 371, 308, 416
6927, 374, 311, 420
6945, 367, 312, 418
6965, 373, 316, 417
6983, 367, 317, 419
7002, 368, 312, 420
7020, 367, 312, 420
7040, 362, 316, 420
7058, 366, 315, 420
7076, 368, 313, 423
7095, 367, 308, 424
7114, 365, 313, 426
7133, 368, 322, 423
7151, 369, 323, 425
7171, 373, 317, 428
7189, 358, 316, 429
7207, 355, 318, 432
7226, 365, 324, 430
7245, 361, 321, 432
7264, 366, 323, 433
7282, 370, 331, 429
7302, 352, 332, 435
7320, 366, 332, 434
7339, 363, 335, 431
7357, 362, 339, 432
7376, 360, 340, 435
7395, 362, 341, 434
7413, 364, 335, 439
7433, 360, 336, 436
7451, 358, 339, 439
7470, 361, 339, 438
7488, 361, 339, 440
7507, 365, 344, 440
7526, 364, 347, 438
7544, 364, 347, 439
7564, 361, 349, 439
7582, 361, 351, 438
7601, 363, 349, 441
7619, 363, 343, 446
7639, 365, 343, 444
7657, 368, 349, 443
7675, 365, 354, 440
7694, 364, 352, 441
7713, 363, 350, 443
7732, 365, 351, 443
7750, 366, 358, 441
7770, 362, 358, 442
7788, 362, 357, 443
7806, 368, 357, 444
7825, 367, 356, 445
7844, 364, 355, 446
7863, 363, 360, 445
7881, 367, 366, 441
7901, 364, 367, 442
7919, 359, 366, 444
7938, 363, 364, 443
7956, 363, 367, 442
7975, 363, 368, 443
7994, 360, 362, 446
8012, 363, 361, 445
8032, 364, 362, 445
8050, 364, 362, 444
8069, 364, 363, 444
8087, 362, 360, 445
8107, 361, 358, 446
8125, 364, 359, 445
8143, 362, 359, 446
8163, 363, 359, 446
8181, 364, 361, 444
8200, 364, 361, 444
8218, 365, 362, 445
8238, 365, 359, 445
8256, 361, 358, 446
8274, 364, 361, 444
8293, 364, 364, 442
8312, 365, 364, 443
8331, 363, 359, 445
8349, 361, 355, 447
8369, 362, 355, 448
8387, 364, 360, 443
8406, 366, 364, 443
8424, 364, 362, 445
8443, 363, 357, 446
8462, 363, 355, 447
8480, 364, 359, 444
8500, 363, 363, 443
8518, 365, 362, 445
8537, 363, 360, 444
8555, 362, 358, 447
8574, 361, 359, 445
8593, 364, 359, 444
8611, 366, 360, 444
8631, 363, 360, 444
8649, 364, 359, 445
8668, 363, 358, 446
8686, 363, 360, 444
8706, 363, 361, 445
8724, 363, 361, 445
8742, 363, 360, 446
8762, 364, 361, 447
8780, 364, 360, 445
8799, 365, 359, 446
8817, 365, 360, 445
8837, 363, 359, 444
8855, 364, 359, 445
8873, 363, 359, 445
8892, 366, 361, 444
8911, 364, 362, 445
8930, 364, 358, 446
8948, 366, 360, 445
8968, 365, 361, 445
8986, 364, 362, 444
9005, 367, 362, 446
9023, 364, 359, 446
9042, 363, 358, 447
9061, 366, 361, 446
9079, 365, 363, 443
9099, 365, 363, 445
9117, 366, 362, 446
9136, 366, 362, 445
9154, 363, 360, 445
9174, 366, 359, 445
9192, 367, 363, 443
9210, 365, 364, 444
9230, 363, 359, 446
9248, 366, 360, 448
9267, 367, 363, 444
9285, 366, 362, 444
9305, 367, 360, 447
9323, 364, 357, 447
9341, 362, 357, 447
9361, 367, 362, 445
9379, 371, 367, 443
9398, 367, 364, 446
9416, 363, 356, 450
9436, 364, 359, 448
9454, 373, 367, 443
9473, 366, 369, 440
9491, 359, 367, 444
9510, 358, 364, 449
9529, 356, 361, 449
9547, 362, 370, 445
9567, 363, 371, 443
9585, 362, 372, 444
9604, 362, 372, 445
9622, 362, 369, 446
9641, 363, 368, 448
9660, 366, 372, 446
9678, 363, 373, 443
9698, 359, 370, 446
9716, 364, 369, 448
9735, 366, 374, 445
9753, 363, 376, 445
9773, 358, 375, 446
9791, 360, 379, 444
9809, 359, 382, 444
9829, 360, 381, 445
9847, 359, 381, 444
9866, 357, 382, 445
9884, 359, 383, 445
9904, 364, 385, 443
9922, 362, 384, 443
9940, 360, 382, 444
9960, 363, 386, 443
9978, 370, 389, 441
9997, 371, 389, 440
10015, 362, 390, 442
10036, 357, 391, 442
10055, 345, 389, 446
10075, 367, 392, 443
10095, 366, 395, 438
10115, 358, 396, 440
10134, 354, 394, 442
10153, 361, 398, 440
10174, 362, 396, 442
10193, 360, 393, 443
10213, 350, 397, 441
10233, 356, 398, 439
10253, 359, 399, 439
10272, 360, 395, 440
10293, 364, 396, 442
10312, 364, 400, 438
10332, 363, 398, 440
10351, 359, 400, 442
10372, 368, 405, 435
10391, 362, 402, 436
10411, 360, 401, 439
10431, 362, 402, 438
10450, 366, 403, 438
10470, 368, 404, 436
10489, 361, 407, 436
10510, 359, 403, 439
10529, 367, 403, 437
10549, 368, 402, 435
10569, 357, 407, 434
10589, 347, 411, 433
10608, 350, 413, 436
10629, 359, 413, 434
10648, 359, 411, 433
10668, 353, 411, 434
10687, 356, 417, 428
10707, 356, 417, 429
10727, 364, 413, 432
10746, 369, 417, 429
10767, 362, 422, 428
10786, 366, 423, 425
10806, 369, 419, 429
10826, 363, 419, 428
10846, 359, 422, 426
10865, 358, 425, 424
10885, 363, 423, 425
10905, 353, 426, 424
10925, 357, 424, 425
10944, 355, 424, 426
10964, 358, 420, 428
10984, 362, 422, 426
11003, 358, 421, 425
11024, 358, 419, 427
11043, 359, 415, 430
11063, 359, 418, 427
11082, 361, 423, 423
11103, 356, 422, 426
11122, 360, 420, 428
11142, 365, 419, 428
11162, 358, 419, 428
11182, 358, 422, 424
11201, 358, 423, 425
11220, 361, 417, 428
11241, 363, 418, 426
11260, 360, 420, 425
11280, 359, 418, 428
11300, 361, 418, 427
11320, 360, 416, 430
11339, 362, 420, 427
11360, 360, 419, 426
11379, 362, 417, 428
11399, 362, 418, 427
11418, 360, 421, 425
11439, 356, 420, 426
11458, 362, 419, 427
11478, 361, 416, 429
11498, 362, 420, 427
11517, 358, 420, 426
11537, 357, 419, 427
11557, 362, 417, 427
11577, 361, 417, 427
11596, 360, 419, 425
11616, 361, 420, 426
11636, 357, 418, 428
11656, 358, 420, 428
11675, 360, 420, 427
11696, 359, 418, 427
11715, 358, 417, 428
11735, 359, 415, 428
11754, 362, 416, 428
11774, 361, 420, 426
11794, 359, 417, 429
11813, 362, 418, 428
11834, 359, 419, 429
11853, 361, 415, 431
11873, 361, 418, 428
11893, 358, 417, 428
11913, 360, 415, 430
11932, 361, 410, 432
11952, 360, 416, 430
11972, 361, 417, 431
11992, 357, 416, 432
12011, 360, 412, 433
12032, 355, 409, 434
12051, 360, 410, 434
12070, 366, 412, 432
12091, 358, 411, 434
12110, 356, 405, 437
12130, 356, 405, 436
12149, 362, 409, 435
12170, 366, 412, 433
12189, 362, 413, 433
12209, 349, 405, 437
12229, 351, 407, 437
12249, 362, 411, 433
12268, 364, 415, 433
12289, 355, 416, 432
12308, 346, 412, 435
12327, 346, 400, 440
12347, 349, 386, 445
12367, 355, 389, 443
12387, 362, 399, 438
12406, 363, 405, 434
12427, 358, 398, 439
12446, 357, 386, 445
12466, 361, 389, 443
12485, 363, 398, 438
12506, 361, 399, 437
12525, 355, 394, 439
12545, 348, 381, 445
12565, 357, 381, 445
12584, 365, 391, 440
12604, 360, 391, 439
12624, 357, 387, 443
12644, 360, 377, 445
12663, 358, 379, 443
12683, 359, 387, 439
12703, 363, 391, 437
12723, 355, 383, 442
12742, 354, 376, 444
12763, 354, 380, 443
12782, 355, 382, 441
12802, 355, 379, 444
12822, 353, 371, 445
12841, 353, 365, 444
12861, 353, 369, 444
12880, 359, 371, 441
12901, 362, 373, 443
12920, 352, 368, 445
12940, 357, 369, 445
12960, 359, 368, 445
12980, 360, 367, 444
12999, 357, 365, 444
13019, 360, 364, 442
13039, 355, 361, 443
13059, 356, 358, 445
13078, 358, 354, 446
13099, 359, 351, 447
13118, 358, 347, 448
13137, 357, 350, 446
13158, 359, 356, 444
13177, 359, 358, 444
13197, 359, 358, 444
13216, 359, 360, 443
13237, 360, 359, 444
13256, 360, 357, 445
13276, 363, 359, 445
13296, 362, 361, 443
13316, 360, 359, 445
13335, 361, 359, 443
13356, 360, 361, 443
13375, 359, 357, 445
13394, 360, 358, 443
13414, 360, 358, 444
13434, 360, 360, 444
13454, 362, 360, 444
13473, 360, 360, 444
13494, 359, 358, 444
13513, 362, 358, 445
13533, 359, 360, 443
13553, 362, 362, 443
13573, 360, 360, 446
13592, 359, 357, 445
13612, 359, 359, 445
13632, 361, 360, 444
13651, 360, 361, 444
13671, 359, 360, 443
13691, 358, 360, 445
13711, 360, 360, 444
13730, 360, 359, 446
13750, 358, 358, 446
13770, 358, 358, 445
13790, 360, 359, 445
13809, 362, 361, 444
13830, 357, 361, 445
13849, 357, 360, 444
13869, 360, 361, 444
13889, 359, 362, 443
13908, 360, 360, 444
13928, 359, 359, 445
13947, 358, 361, 445
13968, 363, 360, 443
13987, 363, 345, 448
14007, 354, 352, 444
14027, 351, 359, 443
14047, 355, 358, 443
14066, 358, 364, 441
14087, 351, 360, 443
14106, 346, 366, 441
14126, 331, 363, 443
14145, 337, 363, 441
14166, 340, 366, 438
14185, 341, 369, 437
14204, 337, 365, 439
14225, 329, 362, 440
14244, 328, 363, 439
14264, 337, 366, 437
14283, 342, 377, 428
14304, 322, 368, 436
14323, 323, 361, 437
14343, 321, 358, 436
14363, 327, 358, 434
14383, 328, 364, 433
14402, 321, 363, 435
14423, 316, 360, 435
14442, 318, 360, 434
14461, 320, 362, 432
14481, 322, 361, 431
14501, 324, 359, 432
14521, 321, 361, 431
14540, 316, 363, 430
14561, 312, 360, 431
14580, 315, 359, 431
14600, 317, 359, 430
14620, 314, 362, 428
14640, 315, 360, 427
14659, 308, 359, 429
14679, 307, 359, 428
14699, 304, 359, 428
14718, 311, 363, 426
14738, 316, 369, 423
14758, 310, 368, 424
14778, 310, 368, 423
14797, 307, 366, 423
14818, 307, 363, 423
14837, 306, 363, 422
14857, 307, 365, 421
14876, 305, 366, 420
14897, 310, 367, 420
14916, 310, 368, 420
14936, 302, 368, 420
14956, 299, 362, 420
14976, 299, 360, 419
14995, 298, 361, 419
15014, 297, 361, 418
15035, 307, 360, 417
15054, 309, 369, 414
15074, 304, 372, 413
15094, 300, 370, 412
15114, 289, 368, 412
15133, 287, 364, 412
15154, 291, 362, 412
15173, 297, 364, 411
15193, 300, 367, 412
15212, 300, 367, 412
15233, 297, 367, 413
15252, 295, 363, 413
15271, 300, 362, 414
15292, 303, 365, 412
15311, 299, 365, 411
15331, 291, 363, 411
15351, 291, 362, 411
15371, 299, 362, 412
15390, 303, 364, 412
15410, 300, 363, 413
15430, 294, 360, 413
15450, 294, 359, 413
15469, 294, 359, 414
15490, 293, 360, 413
15509, 296, 362, 413
15528, 299, 366, 412
15548, 300, 367, 413
15568, 300, 366, 414
15588, 301, 364, 415
15607, 302, 363, 416
15628, 305, 365, 416
15647, 304, 368, 415
15667, 303, 367, 417
15687, 301, 365, 416
15707, 298, 363, 418
15726, 300, 363, 418
15746, 306, 365, 418
15766, 308, 367, 419
15785, 305, 368, 421
15805, 305, 366, 420
15825, 303, 365, 420
15845, 310, 365, 421
15864, 312, 366, 422
15885, 309, 367, 423
15904, 302, 367, 422
15924, 309, 365, 424
15943, 309, 363, 425
15964, 311, 367, 425
15983, 308, 369, 423
16003, 312, 369, 424
16023, 308, 366, 426
16043, 310, 364, 427
16062, 311, 365, 428
16082, 314, 368, 427
16102, 316, 368, 427
16121, 315, 366, 429
16141, 314, 363, 430
16161, 315, 364, 429
16181, 319, 365, 430
16200, 320, 364, 430
16221, 314, 363, 434
16240, 315, 362, 433
16260, 318, 366, 431
16279, 322, 365, 432
16300, 323, 363, 433
16319, 319, 361, 436
16338, 323, 360, 436
16359, 327, 363, 434
16378, 327, 365, 435
16398, 326, 362, 437
16418, 322, 360, 439
16438, 327, 361, 439
16457, 331, 366, 435
16477, 331, 366, 436
16497, 328, 366, 439
16517, 325, 367, 438
16536, 329, 370, 438
16557, 330, 369, 438
16576, 334, 369, 439
16595, 337, 367, 440
16616, 336, 367, 441
16635, 338, 366, 441
16655, 337, 365, 442
16674, 340, 368, 441
16695, 345, 369, 442
16714, 341, 367, 443
16734, 343, 365, 444
16754, 346, 364, 444
16774, 347, 365, 443
16793, 350, 366, 444
16813, 348, 365, 444
16833, 351, 366, 445
16852, 360, 367, 442
16872, 358, 369, 444
16892, 358, 371, 443
16912, 357, 372, 444
16931, 354, 368, 444
16952, 356, 367, 445
16971, 356, 369, 444
16991, 354, 367, 444
17010, 351, 366, 446
17031, 353, 366, 445
17050, 356, 369, 444
17070, 356, 370, 443
17090, 350, 366, 446
17110, 349, 364, 445
17129, 352, 367, 444
17149, 358, 370, 442
17169, 354, 369, 444
17188, 350, 363, 447
17208, 352, 363, 446
17228, 354, 369, 443
17248, 357, 371, 443
17267, 354, 367, 446
17288, 352, 365, 445
17307, 352, 366, 445
17327, 354, 368, 444
17347, 353, 367, 444
17367, 353, 366, 445
17386, 351, 365, 446
17405, 352, 367, 444
17426, 354, 368, 444
17445, 354, 368, 443
17465, 353, 366, 444
17485, 350, 363, 446
17505, 354, 366, 443
17524, 355, 369, 442
17544, 355, 369, 443
17564, 351, 366, 445
17584, 352, 363, 446
17603, 352, 366, 443
17624, 356, 369, 442
17643, 355, 368, 444
17662, 352, 365, 445
17683, 349, 363, 445
17702, 351, 366, 443
17722, 355, 370, 442
17741, 354, 369, 444
17762, 351, 364, 445
17781, 351, 362, 447
17801, 353, 366, 444
17821, 355, 368, 443
17841, 354, 367, 444
17860, 352, 363, 445
17881, 351, 365, 444
17900, 354, 368, 444
17920, 356, 369, 443
17939, 354, 367, 445
17959, 351, 365, 445
17979, 350, 363, 445
17998, 350, 367, 444
18019, 352, 367, 444
18038, 352, 366, 446
18058, 351, 365, 446
18077, 348, 367, 446
18098, 346, 369, 445
18117, 350, 368, 444
18137, 350, 364, 445
18157, 352, 362, 446
18177, 351, 364, 445
18196, 355, 367, 445
18216, 360, 365, 446
18236, 364, 364, 446
18255, 354, 367, 445
18275, 366, 369, 443
18295, 370, 370, 441
18315, 370, 368, 444
18334, 363, 368, 444
18355, 370, 372, 443
18374, 372, 373, 442
18394, 383, 371, 441
18414, 375, 372, 442
18434, 380, 371, 441
18453, 381, 371, 440
18472, 387, 373, 440
18493, 391, 375, 437
18512, 387, 373, 439
18532, 386, 369, 441
18552, 390, 368, 441
18572, 388, 371, 437
18591, 389, 371, 437
18612, 387, 370, 436
18631, 390, 368, 437
18651, 391, 369, 437
18670, 395, 371, 437
18691, 396, 372, 433
18710, 396, 372, 433
18729, 399, 371, 435
18750, 397, 368, 432
18769, 399, 375, 428
18789, 405, 368, 430
18808, 410, 365, 430
18829, 407, 364, 429
18848, 404, 374, 427
18868, 402, 376, 426
18888, 407, 368, 427
18908, 415, 362, 428
18927, 418, 363, 426
18948, 414, 371, 422
18967, 410, 378, 419
18987, 411, 375, 420
19006, 414, 368, 421
19026, 421, 366, 424
19046, 423, 366, 422
19065, 420, 368, 422
19086, 418, 373, 419
19105, 415, 368, 420
19125, 421, 366, 422
19145, 420, 368, 421
19165, 418, 366, 419
19184, 414, 372, 418
19204, 405, 372, 421
19224, 410, 369, 423
19244, 415, 366, 423
19263, 419, 365, 421
19283, 417, 367, 420
19303, 412, 371, 420
19322, 410, 373, 420
19342, 412, 366, 422
19362, 416, 364, 425
19382, 420, 365, 423
19401, 415, 367, 422
19422, 414, 370, 422
19441, 414, 369, 421
19461, 412, 369, 422
19481, 411, 365, 422
19501, 412, 371, 424
19520, 411, 374, 421
19539, 412, 370, 422
19560, 413, 365, 425
19579, 420, 365, 423
19599, 423, 362, 424
19619, 415, 367, 423
19639, 415, 371, 422
19658, 412, 372, 423
19679, 410, 371, 425
19698, 408, 369, 425
19718, 406, 372, 425
19737, 408, 374, 424
19758, 412, 373, 424
19777, 410, 368, 426
19796, 411, 364, 426
19817, 415, 366, 427
19836, 412, 369, 426
19856, 412, 371, 425
19876, 409, 369, 427
19896, 407, 371, 426
19915, 404, 373, 427
19935, 407, 375, 427
19955, 406, 370, 428
19975, 413, 368, 429
19994, 413, 365, 430
20015, 404, 367, 429
20034, 407, 373, 430
20054, 405, 372, 430
20073, 412, 373, 430
20093, 400, 366, 430
20113, 400, 367, 432
20132, 407, 365, 432
20153, 404, 366, 434
20172, 406, 371, 432
20192, 403, 368, 433
20212, 397, 364, 435
20232, 398, 364, 437
20251, 396, 365, 436
20271, 398, 370, 435
20291, 399, 371, 434
20311, 396, 369, 435
20330, 393, 366, 437
20350, 397, 365, 439
20370, 404, 368, 437
20389, 404, 381, 432
20410, 380, 376, 431
20429, 378, 361, 440
20449, 384, 360, 443
20468, 384, 363, 442
20489, 386, 368, 440
20508, 380, 372, 440
20528, 376, 372, 441
20548, 374, 368, 442
20568, 378, 364, 443
20587, 378, 365, 443
20606, 374, 366, 442
20627, 377, 370, 443
20646, 378, 370, 443
20666, 377, 370, 443
20686, 378, 365, 443
20706, 367, 365, 444
20725, 367, 363, 445
20746, 368, 367, 442
20765, 367, 371, 443
20785, 363, 367, 444
20804, 362, 364, 445
20825, 362, 365, 445
20844, 358, 365, 446
20864, 354, 368, 445
20884, 356, 368, 444
20903, 354, 368, 445
20923, 354, 366, 445
20943, 357, 359, 447
20963, 355, 361, 446
20982, 355, 365, 446
21002, 360, 369, 444
21022, 359, 368, 445
21042, 356, 367, 446
21061, 356, 364, 446
21082, 355, 363, 446
21101, 356, 365, 445
21121, 359, 366, 444
21141, 359, 367, 445
21160, 359, 366, 445
21180, 358, 365, 446
21199, 359, 366, 446
21220, 359, 365, 446
21239, 359, 366, 444
21259, 357, 365, 444
21279, 357, 365, 445
21299, 357, 366, 445
21318, 359, 367, 445
21338, 358, 367, 446
21358, 359, 364, 447
21378, 360, 366, 445
21397, 359, 366, 445
21417, 359, 365, 445
21437, 358, 366, 446
21456, 357, 366, 444
21477, 357, 366, 445
21496, 359, 367, 446
21516, 357, 365, 447
21535, 360, 366, 446
21556, 357, 366, 444
21575, 357, 365, 446
21595, 358, 366, 445
21615, 358, 366, 444
21635, 357, 367, 446
21654, 358, 365, 446
21675, 361, 367, 444
21694, 357, 367, 445
21713, 359, 364, 446
21733, 359, 365, 444
21753, 356, 365, 445
21773, 355, 364, 445
21792, 357, 365, 446
21813, 359, 366, 445
21832, 360, 367, 445
21852, 356, 365, 446
21871, 357, 365, 446
21892, 359, 366, 446
21911, 356, 365, 444
21931, 360, 366, 445
21951, 356, 367, 444
21970, 356, 364, 445
21990, 360, 367, 445
22010, 354, 366, 446
22030, 358, 366, 444
22049, 359, 367, 444
22069, 356, 364, 445
22089, 359, 365, 445
22109, 355, 365, 445
22128, 354, 363, 446
22149, 356, 365, 445
22168, 358, 370, 444
22188, 361, 365, 444
22208, 358, 364, 446
22227, 357, 364, 445
22247, 355, 364, 445
22266, 356, 365, 443
22287, 358, 365, 443
22306, 358, 365, 445
22326, 357, 365, 445
22346, 356, 364, 446
22366, 356, 366, 445
22385, 356, 365, 444
22406, 357, 366, 444
22425, 355, 363, 444
22445, 357, 363, 445
22464, 356, 366, 445
22484, 358, 365, 445
22504, 358, 367, 446
22523, 357, 365, 446
22544, 357, 364, 444
22563, 357, 364, 445
22583, 358, 366, 444
22602, 356, 365, 445
22623, 359, 365, 445
22642, 356, 366, 446
22662, 358, 364, 447
22682, 361, 366, 446
22702, 357, 366, 444
22721, 359, 365, 446
22742, 358, 366, 445
22761, 355, 363, 446
22780, 356, 364, 446
22800, 357, 365, 446
22820, 360, 367, 445
22840, 359, 367, 446
22859, 357, 366, 446
22880, 355, 364, 445
22899, 355, 364, 446
22919, 358, 365, 445
22939, 358, 366, 445
22959, 358, 365, 445
22978, 356, 366, 446
22998, 357, 365, 446
23018, 359, 367, 445
23037, 357, 365, 445
23057, 356, 364, 447
23077, 359, 364, 446
23097, 357, 366, 446
23116, 359, 364, 446
23136, 360, 367, 445
23156, 357, 366, 446
23176, 358, 365, 446
23195, 355, 366, 445
23216, 357, 364, 445
23235, 358, 367, 444
23255, 358, 367, 444
23275, 355, 366, 446
23294, 357, 363, 446
23314, 357, 366, 446
23333, 358, 365, 446
23354, 357, 366, 446
23373, 356, 364, 445
23393, 355, 364, 446
23413, 356, 365, 444
23433, 358, 365, 444
23452, 356, 365, 445
23473, 357, 364, 446
23492, 356, 365, 446
23512, 357, 365, 445
23531, 358, 366, 444
23552, 356, 365, 444
23571, 359, 365, 444
23590, 355, 365, 443
23611, 357, 364, 446
23630, 356, 365, 444
23650, 358, 366, 445
23670, 355, 366, 445
23690, 357, 364, 445
23709, 356, 364, 445
23729, 357, 365, 444
23749, 356, 365, 445
23769, 358, 365, 445
23788, 355, 365, 445
23809, 356, 364, 445
23828, 357, 365, 444
23847, 357, 365, 444
23867, 356, 364, 444
23887, 355, 364, 445
23907, 356, 365, 443
23926, 358, 367, 444
23947, 358, 366, 445
23966, 356, 366, 445
23986, 356, 364, 446
24006, 356, 365, 445
24026, 357, 365, 444
24045, 358, 366, 445
