100, 357, 351, 450, 733, 443
200, 356, 350, 446, 733, 443
300, 356, 352, 448, 733, 443
400, 359, 353, 448, 733, 443
500, 357, 352, 447, 733, 443
600, 358, 356, 448, 733, 443
700, 357, 354, 448, 733, 443
800, 358, 352, 448, 733, 443
900, 358, 353, 448, 733, 443
1000, 356, 353, 449, 733, 443
1100, 358, 351, 447, 733, 443
1200, 356, 350, 449, 733, 443
1300, 359, 353, 448, 733, 443
1400, 356, 352, 448, 733, 443
1500, 357, 353, 449, 733, 443
1600, 357, 352, 448, 733, 443
1700, 358, 352, 449, 733, 443
1800, 358, 351, 449, 733, 443
1900, 358, 350, 448, 733, 443
2000, 357, 352, 447, 733, 443
2100, 358, 354, 447, 733, 443
2200, 357, 352, 447, 733, 443
2300, 357, 354, 446, 733, 443
2400, 358, 353, 448, 733, 443
2500, 358, 354, 447, 733, 443
2600, 358, 354, 448, 733, 443
2700, 354, 352, 446, 733, 443
2800, 357, 354, 448, 733, 443
2900, 357, 355, 447, 733, 443
3000, 357, 354, 446, 733, 443
3100, 356, 352, 448, 733, 443
3200, 358, 354, 448, 733, 443
3300, 357, 353, 447, 733, 443
3400, 359, 353, 447, 733, 443
3500, 357, 354, 446, 733, 443
3600, 358, 352, 448, 733, 443
3700, 357, 351, 447, 733, 443
3800, 357, 352, 448, 733, 443
3900, 358, 352, 447, 733, 443
4000, 359, 349, 447, 733, 443
4100, 357, 351, 448, 733, 443
4200, 357, 351, 448, 733, 443
4300, 358, 352, 447, 733, 443
4400, 357, 351, 447, 733, 443
4500, 359, 351, 448, 733, 443
4600, 360, 352, 447, 733, 443
4700, 358, 351, 448, 733, 443
4800, 356, 352, 447, 733, 443
4900, 357, 353, 446, 733, 443
5000, 358, 353, 447, 733, 443
5100, 356, 353, 447, 733, 443
5200, 356, 353, 446, 733, 443
5300, 359, 352, 447, 733, 443
5400, 358, 351, 446, 733, 443
5500, 358, 353, 446, 733, 443
5600, 357, 353, 447, 733, 443
5700, 359, 352, 447, 733, 443
5800, 358, 350, 447, 733, 443
5900, 356, 355, 447, 733, 443
6000, 358, 352, 447, 733, 443
6100, 359, 362, 442, 733, 443
6200, 347, 364, 439, 733, 443
6300, 374, 343, 413, 733, 443
6400, 366, 266, 393, 733, 453
6500, 366, 293, 398, 733, 463
6600, 368, 296, 394, 733, 473
6700, 378, 293, 395, 733, 483
6800, 371, 295, 394, 733, 493
6900, 376, 296, 395, 733, 503
7000, 377, 297, 395, 733, 513
7100, 377, 295, 395, 733, 523
7200, 376, 298, 396, 733, 533
7300, 376, 295, 395, 733, 543
7400, 378, 297, 397, 733, 553
7500, 392, 244, 394, 733, 563
7600, 394, 332, 417, 733, 563
7700, 349, 343, 441, 733, 563
7800, 346, 339, 440, 733, 563
7900, 359, 342, 443, 733, 563
8000, 359, 338, 442, 733, 563
8100, 350, 342, 442, 733, 563
8200, 381, 330, 443, 733, 563
8300, 330, 377, 439, 733, 563
8400, 328, 384, 431, 733, 563
8500, 308, 388, 425, 723, 563
8600, 302, 381, 423, 713, 563
8700, 308, 388, 425, 703, 563
8800, 308, 386, 423, 693, 563
8900, 309, 385, 422, 683, 563
9000, 309, 388, 422, 673, 563
9100, 307, 385, 425, 663, 563
9200, 308, 384, 426, 653, 563
9300, 304, 393, 428, 643, 563
9400, 317, 386, 428, 643, 563
9500, 312, 385, 429, 633, 563
9600, 309, 393, 426, 623, 563
9700, 319, 386, 439, 623, 563
9800, 334, 344, 450, 623, 563
9900, 354, 343, 444, 623, 563
10000, 345, 341, 440, 623, 563
10100, 340, 350, 444, 623, 563
10200, 345, 353, 448, 623, 563
10300, 378, 389, 443, 623, 563
10400, 364, 375, 478, 623, 563
10500, 392, 388, 440, 623, 563
10600, 389, 397, 438, 623, 563
10700, 394, 399, 429, 623, 553
10800, 375, 425, 422, 623, 543
10900, 376, 430, 416, 623, 533
11000, 379, 427, 418, 623, 523
11100, 377, 424, 419, 623, 513
11200, 378, 427, 420, 623, 503
11300, 377, 426, 424, 623, 493
11400, 381, 426, 423, 623, 483
11500, 379, 425, 425, 623, 473
11600, 381, 424, 421, 623, 463
11700, 376, 422, 425, 623, 453
11800, 379, 424, 424, 623, 443
11900, 379, 422, 422, 623, 433
12000, 379, 423, 424, 623, 423
12100, 378, 423, 424, 623, 413
12200, 378, 419, 425, 623, 403
12300, 380, 421, 426, 623, 393
12400, 377, 420, 424, 623, 383
12500, 375, 424, 428, 623, 373
12600, 383, 426, 424, 623, 363
12700, 348, 393, 432, 623, 363
12800, 352, 352, 449, 623, 363
12900, 372, 346, 447, 623, 363
13000, 365, 353, 445, 623, 363
13100, 364, 357, 442, 623, 363
13200, 362, 348, 447, 623, 363
13300, 363, 349, 446, 623, 363
13400, 364, 350, 446, 623, 363
13500, 364, 351, 446, 623, 363
13600, 360, 351, 444, 623, 363
13700, 366, 350, 444, 623, 363
13800, 362, 348, 445, 623, 363
13900, 366, 347, 442, 623, 363
14000, 368, 343, 446, 623, 363
14100, 360, 345, 443, 623, 363
14200, 365, 348, 442, 623, 363
14300, 362, 345, 446, 623, 363
14400, 365, 344, 446, 623, 363
14500, 370, 350, 436, 623, 363
14600, 287, 365, 423, 613, 363
14700, 319, 364, 422, 613, 363
14800, 292, 345, 422, 603, 363
14900, 302, 349, 420, 593, 363
15000, 301, 353, 413, 583, 363
15100, 301, 353, 417, 573, 363
15200, 297, 352, 418, 563, 363
15300, 301, 353, 416, 553, 363
15400, 304, 354, 415, 543, 363
15500, 304, 352, 418, 533, 363
15600, 301, 352, 416, 523, 363
15700, 300, 353, 414, 513, 363
15800, 301, 352, 417, 503, 363
15900, 300, 352, 418, 493, 363
16000, 300, 353, 417, 483, 363
16100, 300, 352, 417, 473, 363
16200, 301, 352, 416, 463, 363
16300, 301, 351, 417, 453, 363
16400, 301, 352, 417, 443, 363
16500, 303, 353, 415, 433, 363
16600, 303, 353, 416, 423, 363
16700, 302, 352, 416, 413, 363
16800, 301, 351, 415, 403, 363
16900, 301, 351, 417, 393, 363
17000, 301, 350, 417, 383, 363
17100, 301, 351, 415, 373, 363
17200, 301, 351, 418, 363, 363
17300, 301, 352, 416, 353, 363
17400, 302, 352, 415, 343, 363
17500, 302, 352, 417, 333, 363
17600, 302, 352, 416, 323, 363
17700, 302, 352, 415, 313, 363
17800, 303, 353, 417, 303, 363
17900, 310, 371, 405, 293, 363
18000, 314, 355, 414, 293, 363
18100, 202, 308, 422, 283, 363
18200, 301, 361, 427, 273, 363
18300, 391, 371, 443, 273, 363
18400, 369, 377, 443, 273, 363
18500, 373, 371, 448, 273, 363
18600, 369, 372, 447, 273, 363
18700, 370, 373, 446, 273, 363
18800, 364, 370, 449, 273, 363
18900, 367, 367, 451, 273, 363
19000, 366, 366, 451, 273, 363
19100, 370, 368, 450, 273, 363
19200, 368, 371, 449, 273, 363
19300, 369, 369, 450, 273, 363
19400, 369, 370, 447, 273, 363
19500, 368, 368, 450, 273, 363
19600, 365, 369, 449, 273, 363
19700, 369, 369, 449, 273, 363
19800, 370, 371, 449, 273, 363
19900, 370, 369, 449, 273, 363
20000, 368, 367, 453, 273, 363
20100, 364, 366, 452, 273, 363
20200, 367, 371, 446, 273, 363
20300, 367, 368, 448, 273, 363
20400, 365, 367, 450, 273, 363
20500, 368, 368, 451, 273, 363
20600, 364, 368, 449, 273, 363
20700, 366, 367, 451, 273, 363
20800, 365, 368, 449, 273, 363
20900, 366, 368, 450, 273, 363
21000, 364, 369, 450, 273, 363
21100, 366, 368, 449, 273, 363
21200, 364, 368, 450, 273, 363
21300, 363, 369, 449, 273, 363
21400, 364, 368, 449, 273, 363
21500, 367, 370, 447, 273, 363
21600, 365, 367, 450, 273, 363
21700, 363, 366, 451, 273, 363
21800, 363, 366, 449, 273, 363
21900, 365, 370, 450, 273, 363
22000, 360, 365, 450, 273, 363
22100, 360, 366, 450, 273, 363
22200, 365, 368, 450, 273, 363
22300, 361, 366, 450, 273, 363
22400, 363, 367, 450, 273, 363
22500, 361, 366, 451, 273, 363
22600, 382, 366, 452, 273, 363
22700, 300, 379, 404, 263, 363
22800, 265, 336, 400, 253, 363
22900, 286, 353, 398, 243, 363
23000, 294, 351, 402, 233, 363
23100, 288, 352, 397, 223, 363
23200, 240, 367, 357, 213, 363
23300, 461, 343, 424, 223, 363
23400, 369, 354, 454, 223, 363
23500, 359, 367, 454, 223, 363
23600, 312, 392, 450, 223, 363
23700, 392, 352, 404, 223, 363
23800, 473, 374, 349, 233, 363
23900, 427, 376, 399, 243, 363
24000, 434, 354, 389, 253, 363
24100, 430, 355, 392, 263, 363
24200, 430, 357, 390, 273, 363
24300, 432, 358, 386, 283, 363
24400, 428, 359, 390, 293, 363
24500, 429, 360, 390, 303, 363
24600, 430, 359, 389, 313, 363
24700, 429, 358, 392, 323, 363
24800, 428, 353, 396, 333, 363
24900, 429, 356, 394, 343, 363
25000, 429, 355, 394, 353, 363
25100, 428, 358, 395, 363, 363
25200, 429, 357, 392, 373, 363
25300, 427, 360, 391, 383, 363
25400, 430, 357, 390, 393, 363
25500, 428, 358, 394, 403, 363
25600, 430, 358, 394, 413, 363
25700, 429, 358, 392, 423, 363
25800, 430, 356, 394, 433, 363
25900, 428, 357, 394, 443, 363
26000, 431, 356, 393, 453, 363
26100, 431, 356, 394, 463, 363
26200, 426, 359, 397, 473, 363
26300, 429, 359, 396, 483, 363
26400, 427, 360, 395, 493, 363
26500, 430, 357, 395, 503, 363
26600, 430, 358, 395, 513, 363
26700, 423, 360, 398, 523, 363
26800, 427, 360, 398, 533, 363
26900, 431, 358, 396, 543, 363
27000, 429, 360, 395, 553, 363
27100, 429, 359, 397, 563, 363
27200, 431, 359, 396, 573, 363
27300, 427, 359, 396, 583, 363
27400, 429, 356, 398, 593, 363
27500, 429, 359, 395, 603, 363
27600, 426, 358, 396, 613, 363
27700, 428, 357, 396, 623, 363
27800, 428, 356, 397, 633, 363
27900, 427, 357, 396, 643, 363
28000, 429, 357, 397, 653, 363
28100, 428, 357, 397, 663, 363
28200, 426, 356, 397, 673, 363
28300, 428, 357, 397, 683, 363
28400, 428, 357, 398, 693, 363
28500, 426, 358, 398, 703, 363
28600, 427, 358, 399, 713, 363
28700, 426, 359, 401, 723, 363
28800, 428, 359, 399, 733, 363
28900, 428, 359, 398, 743, 363
29000, 427, 359, 399, 753, 363
29100, 424, 359, 400, 763, 363
29200, 428, 358, 397, 773, 363
29300, 428, 360, 396, 783, 363
29400, 426, 358, 400, 793, 363
29500, 428, 359, 397, 803, 363
29600, 428, 357, 399, 813, 363
29700, 428, 359, 398, 823, 363
29800, 427, 359, 400, 833, 363
29900, 429, 356, 401, 843, 363
30000, 430, 355, 400, 853, 363
30100, 426, 359, 398, 863, 363
30200, 425, 358, 398, 873, 363
30300, 428, 359, 398, 883, 363
30400, 426, 359, 398, 893, 363
30500, 427, 358, 397, 903, 363
30600, 429, 358, 399, 913, 363
30700, 430, 358, 397, 923, 363
30800, 427, 358, 398, 933, 363
30900, 428, 358, 398, 943, 363
31000, 427, 360, 398, 953, 363
31100, 429, 359, 396, 963, 363
31200, 432, 359, 394, 973, 363
31300, 425, 358, 401, 983, 363
31400, 430, 359, 395, 993, 363
31500, 429, 358, 398, 1003, 363
31600, 428, 357, 398, 1013, 363
31700, 430, 358, 392, 1023, 363
31800, 428, 359, 397, 1033, 363
31900, 425, 361, 399, 1043, 363
32000, 427, 358, 400, 1053, 363
32100, 426, 360, 399, 1063, 363
32200, 427, 358, 400, 1073, 363
32300, 428, 359, 400, 1083, 363
32400, 427, 358, 401, 1093, 363
32500, 428, 358, 399, 1103, 363
32600, 429, 358, 400, 1113, 363
32700, 427, 357, 401, 1123, 363
32800, 427, 358, 400, 1133, 363
32900, 428, 359, 400, 1143, 363
33000, 427, 359, 401, 1153, 363
33100, 428, 358, 400, 1163, 363
33200, 426, 359, 400, 1173, 363
33300, 426, 359, 398, 1183, 363
33400, 428, 358, 397, 1193, 363
33500, 425, 361, 401, 1203, 363
33600, 427, 359, 400, 1213, 363
33700, 427, 358, 399, 1223, 363
33800, 428, 358, 399, 1233, 363
33900, 427, 360, 399, 1243, 363
34000, 427, 358, 400, 1253, 363
34100, 428, 358, 400, 1263, 363
34200, 427, 358, 400, 1273, 363
34300, 428, 356, 401, 1283, 363
34400, 426, 358, 403, 1293, 363
34500, 428, 356, 400, 1303, 363
34600, 429, 358, 398, 1313, 363
34700, 427, 357, 400, 1323, 363
34800, 427, 358, 401, 1333, 363
34900, 428, 360, 398, 1343, 363
35000, 427, 357, 402, 1353, 363
35100, 428, 359, 399, 1305, 379
35200, 428, 359, 401, 1072, 423
35300, 427, 359, 401, 1082, 423
35400, 428, 359, 399, 1092, 423
35500, 428, 357, 402, 1102, 423
35600, 427, 358, 401, 1112, 423
35700, 426, 359, 401, 1122, 423
35800, 430, 358, 400, 1132, 423
35900, 428, 358, 400, 1142, 423
36000, 432, 357, 400, 1152, 423
36100, 437, 365, 396, 1162, 423
36200, 338, 375, 438, 1162, 423
36300, 353, 382, 442, 1162, 423
36400, 364, 376, 447, 1162, 423
36500, 361, 374, 447, 1162, 423
36600, 362, 372, 447, 1162, 423
36700, 361, 374, 447, 1162, 423
36800, 363, 372, 447, 1162, 423
36900, 361, 372, 448, 1162, 423
37000, 364, 372, 448, 1162, 423
37100, 363, 372, 448, 1162, 423
37200, 362, 371, 448, 1162, 423
37300, 360, 371, 450, 1162, 423
37400, 363, 369, 451, 1162, 423
37500, 358, 370, 451, 1162, 423
37600, 360, 369, 450, 1162, 423
37700, 361, 370, 450, 1162, 423
37800, 360, 370, 449, 1162, 423
37900, 361, 370, 450, 1162, 423
38000, 359, 371, 450, 1162, 423
38100, 361, 371, 449, 1162, 423
38200, 362, 369, 450, 1162, 423
38300, 362, 371, 449, 1162, 423
38400, 361, 370, 450, 1162, 423
38500, 361, 370, 450, 1162, 423
38600, 362, 371, 449, 1162, 423
38700, 361, 372, 449, 1162, 423
38800, 361, 371, 449, 1162, 423
38900, 361, 371, 449, 1162, 423
39000, 361, 371, 450, 1162, 423
39100, 362, 371, 449, 1162, 423
39200, 361, 370, 450, 1162, 423
39300, 366, 371, 450, 1162, 423
39400, 361, 369, 450, 1162, 423
39500, 363, 368, 448, 1162, 423
39600, 367, 373, 449, 1162, 423
39700, 361, 369, 450, 1162, 423
39800, 363, 364, 448, 1162, 423
39900, 368, 372, 448, 1162, 423
40000, 362, 363, 449, 1162, 423
40100, 370, 360, 447, 1162, 423
40200, 363, 363, 449, 1162, 423
40300, 364, 360, 446, 1162, 423
40400, 367, 356, 447, 1162, 423
40500, 362, 360, 446, 1162, 423
40600, 362, 357, 446, 1162, 423
40700, 362, 357, 446, 1162, 423
40800, 365, 355, 446, 1162, 423
40900, 366, 346, 447, 1162, 423
41000, 369, 363, 447, 1162, 423
41100, 356, 348, 446, 1162, 423
41200, 366, 349, 448, 1162, 423
41300, 371, 366, 445, 1162, 423
41400, 348, 349, 445, 1162, 423
41500, 363, 350, 442, 1162, 423
41600, 369, 361, 444, 1162, 423
41700, 355, 348, 446, 1162, 423
41800, 376, 360, 449, 1162, 423
41900, 364, 360, 449, 1162, 423
42000, 361, 358, 448, 1162, 423
42100, 378, 361, 448, 1162, 423
42200, 356, 352, 449, 1162, 423
42300, 361, 364, 451, 1162, 423
42400, 366, 358, 447, 1162, 423
42500, 352, 359, 451, 1162, 423
42600, 372, 355, 447, 1162, 423
42700, 357, 362, 450, 1162, 423
42800, 364, 347, 448, 1162, 423
42900, 363, 365, 450, 1162, 423
43000, 361, 345, 447, 1162, 423
43100, 370, 365, 448, 1162, 423
43200, 356, 352, 447, 1162, 423
43300, 363, 354, 447, 1162, 423
43400, 360, 351, 448, 1162, 423
43500, 358, 353, 448, 1162, 423
43600, 359, 350, 448, 1162, 423
43700, 359, 355, 447, 1162, 423
43800, 361, 352, 448, 1162, 423
43900, 356, 351, 448, 1162, 423
44000, 360, 352, 448, 1162, 423
44100, 357, 353, 447, 1162, 423
44200, 359, 350, 448, 1162, 423
44300, 358, 353, 447, 1162, 423
44400, 355, 352, 448, 1162, 423
44500, 360, 355, 447, 1162, 423
44600, 362, 353, 448, 1162, 423
44700, 359, 353, 448, 1162, 423
44800, 358, 355, 449, 1162, 423
44900, 363, 354, 448, 1162, 423
45000, 359, 355, 447, 1162, 423
45100, 361, 354, 448, 1162, 423
45200, 358, 354, 448, 1162, 423
45300, 359, 355, 448, 1162, 423
45400, 358, 354, 448, 1162, 423
45500, 361, 355, 448, 1162, 423
45600, 360, 354, 448, 1162, 423
45700, 358, 355, 448, 1162, 423
45800, 359, 354, 448, 1162, 423
45900, 361, 354, 447, 1162, 423
46000, 360, 355, 449, 1162, 423
46100, 359, 354, 447, 1162, 423
46200, 359, 353, 447, 1162, 423
46300, 361, 353, 448, 1162, 423
46400, 359, 355, 448, 1162, 423
46500, 362, 355, 447, 1162, 423
46600, 357, 352, 449, 1162, 423
46700, 361, 352, 448, 1162, 423
46800, 359, 356, 448, 1162, 423
46900, 357, 353, 448, 1162, 423
47000, 355, 347, 448, 1162, 423
47100, 364, 356, 446, 1162, 423
47200, 353, 349, 449, 1162, 423
47300, 360, 348, 448, 1162, 423
47400, 361, 352, 446, 1162, 423
47500, 358, 352, 447, 1162, 423
47600, 357, 347, 447, 1162, 423
47700, 358, 349, 445, 1162, 423
47800, 360, 351, 447, 1162, 423
47900, 357, 350, 447, 1162, 423
48000, 360, 351, 447, 1162, 423
48100, 359, 350, 447, 1162, 423
48200, 358, 350, 446, 1162, 423
48300, 359, 351, 447, 1162, 423
48400, 359, 350, 446, 1162, 423
48500, 359, 349, 446, 1162, 423
48600, 359, 349, 447, 1162, 423
48700, 360, 350, 446, 1162, 423
48800, 360, 349, 445, 1162, 423
48900, 361, 349, 446, 1162, 423
49000, 361, 351, 446, 1162, 423
49100, 357, 348, 445, 1162, 423
49200, 361, 352, 447, 1162, 423
49300, 360, 348, 446, 1162, 423
49400, 359, 351, 446, 1162, 423
49500, 354, 352, 445, 1162, 423
49600, 366, 353, 446, 1162, 423
49700, 360, 347, 448, 1162, 423
49800, 359, 350, 447, 1162, 423
49900, 361, 353, 446, 1162, 423
50000, 361, 350, 446, 1129, 300
50100, 358, 351, 447, 1111, 253
50200, 358, 351, 447, 1111, 253
50300, 360, 351, 446, 1111, 253
50400, 164, 339, 469, 1111, 253
50500, 441, 353, 402, 1121, 253
50600, 427, 340, 412, 1131, 253
50700, 395, 365, 424, 1131, 253
50800, 475, 338, 383, 1141, 253
50900, 295, 363, 444, 1141, 253
51000, 328, 368, 446, 1141, 253
51100, 357, 357, 450, 1141, 253
51200, 350, 362, 448, 1141, 253
51300, 416, 380, 444, 1141, 253
51400, 287, 389, 413, 1131, 253
51500, 279, 357, 419, 1121, 253
51600, 285, 363, 423, 1111, 253
51700, 332, 351, 431, 1111, 253
51800, 390, 357, 438, 1111, 253
51900, 375, 357, 443, 1111, 253
52000, 371, 356, 445, 1111, 253
52100, 372, 357, 445, 1111, 253
52200, 371, 355, 447, 1111, 253
52300, 373, 357, 444, 1111, 253
52400, 365, 353, 445, 1111, 253
52500, 367, 352, 445, 1111, 253
52600, 367, 350, 446, 1111, 253
52700, 360, 350, 446, 1111, 253
52800, 363, 348, 441, 1111, 253
52900, 363, 349, 445, 1111, 253
53000, 364, 346, 441, 1111, 253
53100, 363, 346, 442, 1111, 253
53200, 370, 346, 444, 1111, 253
53300, 362, 345, 442, 1111, 253
53400, 362, 344, 442, 1111, 253
53500, 360, 344, 442, 1111, 253
53600, 359, 342, 444, 1111, 253
53700, 362, 345, 439, 1111, 253
53800, 362, 348, 437, 1111, 253
53900, 365, 352, 444, 1111, 253
54000, 369, 347, 442, 1111, 253
54100, 364, 348, 440, 1111, 253
54200, 368, 348, 442, 1111, 253
54300, 356, 349, 444, 1111, 253
54400, 365, 348, 443, 1111, 253
54500, 361, 349, 444, 1111, 253
54600, 364, 363, 449, 1111, 253
54700, 363, 348, 441, 1111, 253
54800, 361, 350, 443, 1111, 253
54900, 362, 350, 442, 1111, 253
55000, 363, 351, 443, 1111, 253
55100, 364, 350, 443, 1111, 253
55200, 359, 351, 443, 1111, 253
55300, 366, 353, 442, 1111, 253
55400, 364, 350, 442, 1111, 253
55500, 358, 348, 441, 1111, 253
55600, 366, 352, 443, 1111, 253
55700, 361, 349, 442, 1111, 253
55800, 362, 348, 443, 1111, 253
55900, 360, 347, 441, 1111, 253
56000, 364, 350, 442, 1111, 253
56100, 354, 348, 441, 1111, 253
56200, 362, 351, 443, 1111, 253
56300, 359, 346, 442, 1111, 253
56400, 360, 347, 441, 1111, 253
56500, 359, 349, 442, 1111, 253
56600, 362, 348, 442, 1111, 253
56700, 356, 349, 442, 1111, 253
56800, 361, 350, 442, 1111, 253
56900, 361, 348, 442, 1111, 253
57000, 358, 349, 442, 1111, 253
57100, 358, 349, 442, 1111, 253
57200, 358, 348, 442, 1111, 253
57300, 362, 349, 442, 1111, 253
57400, 358, 349, 441, 1111, 253
57500, 355, 350, 441, 1111, 253
57600, 359, 348, 442, 1111, 253
57700, 359, 350, 443, 1111, 253
57800, 363, 347, 442, 1111, 253
57900, 353, 349, 442, 1111, 253
58000, 365, 348, 443, 1111, 253
58100, 356, 350, 442, 1111, 253
58200, 360, 348, 444, 1111, 253
58300, 358, 347, 441, 1111, 253
58400, 354, 346, 442, 1111, 253
58500, 361, 348, 443, 1111, 253
58600, 362, 349, 442, 1111, 253
58700, 359, 345, 440, 1111, 253
58800, 366, 350, 443, 1111, 253
58900, 356, 346, 442, 1111, 253
59000, 362, 347, 441, 1111, 253
59100, 359, 347, 441, 1111, 253
59200, 363, 348, 441, 1111, 253
59300, 360, 347, 442, 1111, 253
59400, 362, 346, 442, 1111, 253
59500, 361, 347, 442, 1111, 253
59600, 361, 346, 441, 1111, 253
59700, 363, 346, 442, 1111, 253
59800, 360, 347, 442, 1111, 253
59900, 358, 346, 442, 1111, 253
60000, 361, 347, 441, 1111, 253
