10, 333, 342, 310
20, 334, 344, 310
30, 333, 343, 310
40, 333, 344, 309
50, 332, 343, 308
60, 333, 343, 308
70, 332, 343, 305
80, 332, 343, 307
90, 333, 343, 307
100, 333, 343, 310
110, 333, 344, 309
128, 333, 344, 310
145, 334, 345, 310
162, 332, 343, 308
181, 332, 343, 308
198, 332, 341, 306
216, 333, 342, 309
233, 334, 344, 311
251, 333, 343, 310
269, 332, 343, 309
286, 332, 342, 308
304, 333, 342, 307
322, 333, 342, 308
339, 334, 343, 308
357, 334, 343, 310
375, 333, 343, 308
393, 334, 345, 307
410, 333, 343, 309
428, 335, 344, 310
446, 334, 346, 308
463, 333, 343, 307
481, 334, 344, 307
498, 335, 343, 308
517, 334, 344, 307
534, 335, 344, 310
551, 334, 343, 310
569, 333, 343, 308
587, 335, 342, 311
605, 335, 343, 309
622, 335, 345, 306
641, 334, 347, 299
658, 334, 347, 301
675, 336, 344, 306
693, 337, 344, 305
711, 338, 344, 309
729, 338, 346, 306
746, 338, 344, 306
763, 337, 344, 307
782, 339, 341, 308
799, 337, 345, 308
817, 337, 347, 308
834, 338, 346, 308
852, 337, 345, 307
870, 337, 343, 308
887, 338, 346, 305
905, 339, 346, 306
923, 338, 346, 309
941, 339, 346, 307
958, 338, 346, 306
976, 339, 347, 306
994, 338, 345, 305
1011, 339, 347, 305
1030, 340, 348, 306
1049, 339, 347, 307
1068, 339, 347, 305
1086, 339, 347, 305
1104, 338, 349, 303
1124, 340, 344, 307
1142, 341, 346, 310
1161, 341, 351, 302
1180, 343, 348, 300
1199, 346, 349, 301
1217, 344, 350, 302
1235, 342, 347, 303
1255, 345, 350, 303
1273, 342, 353, 301
1292, 345, 354, 307
1311, 344, 352, 304
1330, 346, 352, 304
1348, 343, 350, 302
1367, 344, 351, 303
1386, 346, 352, 299
1404, 347, 352, 300
1423, 349, 350, 302
1442, 348, 351, 303
1461, 348, 352, 303
1479, 347, 353, 303
1498, 350, 354, 304
1517, 350, 356, 303
1536, 347, 349, 301
1554, 349, 349, 303
1573, 349, 349, 302
1592, 352, 351, 306
1610, 353, 353, 304
1629, 352, 351, 302
1648, 352, 352, 301
1667, 353, 352, 303
1685, 354, 345, 306
1703, 355, 351, 301
1723, 355, 352, 302
1741, 356, 350, 299
1760, 354, 350, 300
1779, 356, 350, 305
1798, 358, 349, 306
1816, 357, 352, 303
1835, 357, 350, 303
1854, 351, 348, 304
1872, 358, 347, 305
1891, 357, 350, 307
1910, 356, 344, 304
1929, 354, 345, 304
1947, 354, 348, 306
1966, 352, 346, 305
1985, 353, 346, 307
2003, 352, 343, 306
2022, 353, 342, 305
2041, 352, 343, 306
2060, 352, 340, 307
2078, 352, 339, 307
2097, 348, 342, 303
2116, 349, 338, 307
2135, 353, 334, 310
2153, 356, 337, 311
2172, 350, 332, 307
2191, 354, 331, 309
2209, 343, 330, 303
2228, 355, 332, 306
2247, 357, 329, 313
2266, 358, 336, 313
2284, 357, 333, 310
2302, 355, 324, 311
2322, 356, 327, 310
2340, 355, 330, 313
2359, 354, 325, 313
2378, 354, 329, 314
2397, 354, 328, 314
2415, 354, 324, 312
2434, 355, 324, 314
2453, 355, 326, 316
2471, 354, 324, 316
2490, 355, 324, 315
2509, 355, 323, 315
2528, 355, 322, 314
2546, 355, 323, 314
2565, 356, 324, 317
2584, 357, 323, 316
2603, 355, 322, 315
2621, 357, 321, 314
2640, 358, 323, 315
2659, 358, 322, 313
2677, 359, 322, 315
2696, 356, 318, 316
2715, 360, 328, 344
2734, 359, 325, 314
2752, 356, 319, 317
2771, 356, 322, 317
2790, 354, 322, 315
2808, 351, 314, 318
2827, 352, 319, 319
2846, 353, 320, 319
2865, 354, 317, 317
2883, 355, 317, 319
2902, 355, 317, 318
2921, 354, 317, 319
2939, 355, 318, 321
2958, 363, 318, 322
2977, 361, 323, 317
2996, 361, 318, 318
3014, 357, 315, 318
3033, 357, 320, 322
3052, 357, 321, 320
3070, 356, 318, 319
3089, 356, 314, 317
3108, 358, 313, 318
3127, 358, 319, 319
3145, 358, 319, 321
3164, 359, 313, 320
3183, 362, 314, 319
3202, 353, 314, 311
3220, 360, 313, 320
3239, 365, 314, 323
3258, 349, 313, 324
3276, 366, 318, 322
3295, 366, 319, 322
3314, 356, 315, 320
3333, 367, 316, 323
3351, 365, 314, 323
3371, 364, 310, 326
3389, 365, 315, 319
3407, 366, 312, 320
3426, 366, 306, 322
3445, 378, 327, 320
3464, 377, 322, 329
3482, 347, 306, 317
3501, 371, 312, 322
3520, 368, 312, 322
3538, 369, 313, 324
3557, 363, 312, 324
3576, 369, 314, 325
3595, 373, 313, 324
3613, 366, 314, 323
3632, 368, 314, 322
3651, 364, 309, 320
3670, 370, 312, 324
3688, 368, 314, 325
3707, 369, 312, 326
3726, 394, 323, 328
3744, 376, 308, 330
3763, 364, 309, 321
3782, 369, 312, 325
3801, 355, 315, 325
3819, 366, 312, 327
3838, 378, 312, 325
3857, 376, 307, 326
3875, 352, 311, 316
3894, 376, 307, 328
3913, 376, 311, 327
3932, 376, 312, 328
3950, 376, 309, 327
3970, 388, 322, 319
3988, 371, 315, 328
4006, 371, 302, 335
4025, 373, 310, 331
4044, 370, 315, 326
4063, 378, 306, 335
4081, 398, 336, 313
4100, 371, 307, 335
4119, 374, 310, 334
4137, 372, 302, 337
4156, 377, 304, 333
4175, 373, 306, 335
4194, 373, 307, 335
4212, 372, 304, 337
4231, 374, 305, 335
4250, 371, 302, 337
4269, 371, 307, 336
4287, 371, 306, 337
4306, 371, 304, 336
4325, 377, 302, 338
4343, 371, 304, 338
4362, 372, 305, 340
4381, 371, 301, 340
4400, 371, 304, 336
4418, 370, 306, 339
4438, 371, 302, 340
4456, 370, 302, 342
4474, 372, 302, 340
4493, 370, 300, 339
4512, 371, 304, 337
4531, 370, 303, 339
4549, 369, 301, 343
4569, 371, 300, 343
4587, 370, 304, 339
4605, 370, 306, 341
4624, 370, 301, 343
4643, 371, 298, 345
4662, 371, 299, 345
4680, 371, 303, 340
4699, 370, 305, 341
4718, 372, 301, 343
4737, 370, 299, 345
4755, 372, 298, 347
4774, 372, 296, 344
4793, 370, 302, 341
4811, 371, 303, 344
4830, 370, 298, 346
4849, 371, 297, 347
4868, 371, 300, 347
4886, 370, 301, 348
4905, 370, 302, 346
4924, 371, 301, 348
4942, 370, 298, 349
4961, 372, 299, 350
4980, 370, 300, 349
4999, 370, 300, 348
5017, 372, 300, 348
5037, 371, 298, 348
5055, 369, 300, 350
5073, 371, 301, 348
5092, 370, 297, 349
5111, 372, 297, 349
5130, 371, 298, 349
5148, 372, 299, 351
5168, 372, 298, 352
5186, 373, 298, 350
5204, 372, 299, 349
5223, 370, 299, 350
5242, 371, 297, 354
5261, 372, 298, 355
5279, 372, 296, 351
5298, 371, 296, 352
5317, 373, 296, 353
5336, 370, 298, 353
5354, 371, 296, 356
5373, 372, 299, 353
5392, 370, 300, 355
5410, 373, 297, 355
5429, 372, 296, 357
5448, 372, 298, 358
5467, 372, 297, 357
5485, 371, 297, 357
5505, 373, 299, 357
5523, 373, 297, 358
5541, 372, 297, 358
5560, 372, 292, 360
5579, 372, 295, 360
5598, 371, 300, 358
5616, 372, 296, 360
5636, 372, 298, 358
5654, 372, 297, 360
5672, 371, 297, 361
5691, 372, 298, 360
5710, 372, 297, 361
5729, 373, 296, 359
5747, 372, 297, 361
5767, 373, 296, 362
5785, 373, 294, 363
5804, 363, 295, 363
5822, 375, 302, 362
5841, 377, 294, 365
5860, 373, 298, 367
5878, 371, 300, 367
5897, 375, 297, 365
5916, 373, 293, 366
5935, 373, 291, 365
5953, 373, 294, 367
5972, 371, 299, 366
5991, 372, 298, 368
6009, 373, 297, 367
6028, 373, 296, 370
6047, 374, 294, 370
6066, 372, 293, 371
6084, 372, 294, 371
6104, 373, 299, 371
6122, 374, 297, 371
6140, 374, 295, 372
6159, 373, 294, 373
6178, 372, 296, 375
6197, 372, 296, 375
6215, 373, 297, 373
6235, 373, 296, 372
6253, 374, 296, 372
6272, 372, 294, 375
6290, 374, 295, 376
6309, 373, 298, 375
6328, 372, 296, 373
6346, 373, 297, 377
6366, 373, 296, 378
6384, 374, 297, 377
6403, 375, 297, 378
6421, 373, 296, 376
6440, 373, 296, 379
6459, 373, 295, 380
6477, 373, 296, 378
6496, 375, 295, 378
6515, 373, 296, 378
6534, 373, 297, 379
6552, 373, 295, 379
6572, 372, 296, 378
6590, 373, 298, 378
6608, 373, 296, 378
6627, 374, 295, 379
6646, 374, 294, 380
6665, 373, 296, 379
6683, 373, 296, 381
6703, 374, 296, 383
6721, 372, 296, 382
6739, 374, 297, 382
6758, 373, 299, 381
6777, 372, 296, 383
6796, 373, 297, 383
6814, 373, 295, 384
6834, 373, 296, 384
6852, 374, 297, 383
6871, 370, 304, 380
6889, 373, 295, 386
6908, 372, 295, 386
6927, 372, 298, 385
6945, 374, 299, 384
6965, 374, 298, 385
6983, 373, 296, 390
7002, 372, 296, 388
7020, 373, 298, 387
7040, 374, 298, 387
7058, 374, 299, 387
7076, 373, 298, 390
7095, 373, 295, 390
7114, 373, 296, 388
7133, 374, 299, 389
7151, 373, 299, 388
7171, 372, 299, 389
7189, 374, 297, 390
7207, 374, 297, 391
7226, 373, 297, 390
7245, 373, 300, 391
7264, 372, 300, 391
7282, 374, 299, 391
7302, 374, 300, 390
7320, 372, 299, 392
7339, 373, 298, 394
7357, 373, 298, 392
7376, 373, 300, 393
7395, 370, 301, 391
7413, 372, 299, 392
7433, 373, 298, 395
7451, 371, 299, 394
7470, 372, 299, 394
7488, 373, 297, 396
7507, 373, 297, 392
7526, 372, 299, 396
7544, 370, 301, 394
7564, 372, 299, 394
7582, 371, 300, 395
7601, 371, 300, 394
7619, 370, 299, 397
7639, 372, 299, 396
7657, 371, 300, 395
7675, 372, 300, 395
7694, 371, 301, 394
7713, 370, 300, 397
7732, 362, 306, 395
7750, 370, 299, 396
7770, 370, 299, 395
7788, 370, 300, 396
7806, 370, 299, 395
7825, 370, 299, 397
7844, 369, 299, 398
7863, 371, 299, 395
7881, 370, 301, 397
7901, 366, 306, 395
7919, 369, 297, 400
7938, 371, 300, 399
7956, 369, 301, 397
7975, 369, 302, 399
7994, 368, 300, 399
8012, 369, 299, 400
8032, 369, 299, 400
8050, 370, 301, 398
8069, 369, 303, 398
8087, 369, 302, 401
8107, 369, 300, 400
8125, 369, 299, 401
8143, 369, 299, 402
8163, 370, 301, 400
8181, 370, 303, 400
8200, 369, 301, 402
8218, 370, 300, 403
8238, 370, 301, 402
8256, 369, 304, 400
8274, 355, 308, 400
8293, 377, 302, 401
8312, 368, 300, 404
8331, 367, 304, 404
8349, 368, 302, 403
8369, 368, 302, 404
8387, 368, 303, 403
8406, 368, 301, 403
8424, 369, 301, 404
8443, 369, 301, 405
8462, 368, 302, 404
8480, 368, 302, 404
8500, 368, 303, 405
8518, 368, 304, 406
8537, 368, 303, 404
8555, 368, 303, 405
8574, 368, 302, 406
8593, 365, 305, 406
8611, 368, 303, 405
8631, 368, 304, 406
8649, 368, 304, 404
8668, 367, 304, 406
8686, 368, 301, 408
8706, 366, 303, 407
8724, 368, 304, 408
8742, 369, 305, 407
8762, 368, 306, 406
8780, 369, 302, 409
8799, 368, 302, 411
8817, 367, 307, 410
8837, 367, 309, 410
8855, 366, 307, 412
8873, 368, 305, 412
8892, 367, 306, 410
8911, 368, 306, 413
8930, 367, 308, 413
8948, 367, 307, 412
8968, 368, 309, 412
8986, 366, 310, 411
9005, 367, 307, 412
9023, 367, 305, 415
9042, 366, 310, 412
9061, 367, 310, 412
9079, 367, 307, 414
9099, 367, 305, 415
9117, 368, 305, 417
9136, 366, 306, 415
9154, 367, 310, 414
9174, 353, 320, 410
9192, 367, 309, 415
9210, 367, 308, 418
9230, 366, 307, 418
9248, 366, 310, 416
9267, 366, 312, 414
9285, 366, 311, 416
9305, 367, 311, 417
9323, 368, 311, 418
9341, 366, 308, 418
9361, 366, 310, 420
9379, 367, 313, 416
9398, 366, 312, 416
9416, 367, 313, 419
9436, 366, 311, 420
9454, 367, 309, 421
9473, 367, 313, 419
9491, 366, 314, 419
9510, 367, 315, 418
9529, 367, 315, 420
9547, 366, 311, 423
9567, 368, 309, 423
9585, 367, 313, 421
9604, 368, 315, 421
9622, 367, 317, 421
9641, 368, 317, 423
9660, 368, 315, 425
9678, 367, 314, 423
9698, 366, 315, 423
9716, 367, 316, 424
9735, 365, 318, 423
9753, 367, 315, 424
9773, 367, 316, 424
9791, 365, 316, 422
9809, 365, 314, 425
9829, 366, 314, 424
9847, 366, 315, 424
9866, 367, 317, 424
9884, 366, 318, 424
9904, 366, 318, 425
9922, 365, 316, 427
9940, 365, 317, 427
9960, 367, 318, 427
9978, 365, 320, 426
9997, 367, 320, 427
10015, 366, 320, 426
10036, 366, 317, 430
10055, 365, 318, 428
10075, 365, 320, 427
10095, 367, 322, 427
10115, 365, 322, 427
10134, 366, 322, 430
10153, 365, 321, 431
10174, 366, 322, 430
10193, 367, 324, 427
10213, 364, 322, 430
10233, 364, 322, 429
10253, 366, 322, 429
10272, 365, 325, 429
10293, 366, 324, 434
10312, 366, 326, 432
10332, 366, 325, 432
10351, 365, 324, 433
10372, 365, 326, 431
10391, 364, 326, 432
10411, 365, 325, 433
10431, 365, 327, 430
10450, 366, 327, 432
10470, 366, 326, 431
10489, 364, 326, 435
10510, 365, 327, 435
10529, 365, 327, 435
10549, 365, 328, 433
10569, 365, 325, 435
10589, 366, 326, 436
10608, 365, 330, 435
10629, 366, 333, 433
10648, 366, 332, 433
10668, 365, 328, 437
10687, 364, 328, 437
10707, 365, 331, 434
10727, 365, 337, 432
10746, 364, 332, 436
10767, 364, 331, 436
10786, 364, 333, 437
10806, 365, 335, 438
10826, 365, 335, 437
10846, 365, 332, 437
10865, 364, 335, 436
10885, 363, 331, 440
10905, 364, 333, 439
10925, 364, 336, 439
10944, 365, 338, 437
10964, 364, 338, 438
10984, 365, 334, 441
11003, 363, 337, 442
11024, 365, 340, 437
11043, 365, 342, 438
11063, 364, 340, 441
11082, 364, 342, 440
11103, 364, 343, 440
11122, 365, 344, 440
11142, 366, 343, 440
11162, 365, 340, 444
11182, 366, 343, 442
11201, 365, 345, 441
11220, 365, 347, 439
11241, 365, 342, 442
11260, 363, 340, 444
11280, 366, 343, 441
11300, 366, 346, 440
11320, 364, 345, 444
11339, 364, 346, 442
11360, 364, 344, 442
11379, 365, 343, 442
11399, 363, 345, 443
11418, 363, 344, 445
11439, 365, 346, 444
11458, 367, 349, 440
11478, 365, 350, 440
11498, 364, 345, 445
11517, 364, 348, 443
11537, 365, 348, 443
11557, 365, 350, 443
11577, 365, 349, 445
11596, 364, 349, 445
11616, 366, 352, 443
11636, 365, 350, 447
11656, 365, 352, 446
11675, 365, 353, 444
11696, 365, 352, 444
11715, 364, 351, 445
11735, 364, 351, 446
11754, 364, 352, 446
11774, 366, 353, 445
11794, 366, 354, 446
11813, 365, 352, 446
11834, 364, 356, 444
11853, 367, 354, 445
11873, 365, 353, 444
11893, 365, 358, 443
11913, 356, 360, 447
11932, 365, 354, 447
11952, 365, 357, 445
11972, 366, 357, 444
11992, 364, 359, 445
12011, 364, 357, 447
12032, 364, 357, 447
12051, 365, 359, 444
12070, 365, 361, 445
12091, 365, 359, 446
12110, 367, 363, 444
12130, 365, 363, 445
12149, 364, 361, 446
12170, 364, 360, 446
12189, 366, 360, 445
12209, 365, 362, 445
12229, 365, 364, 445
12249, 365, 365, 446
12268, 365, 363, 447
12289, 365, 363, 447
12308, 364, 362, 448
12327, 364, 365, 444
12347, 365, 365, 444
12367, 364, 365, 447
12387, 364, 368, 445
12406, 365, 365, 446
12427, 365, 368, 446
12446, 365, 364, 447
12466, 365, 364, 448
12485, 364, 367, 444
12506, 365, 367, 445
12525, 365, 366, 446
12545, 364, 366, 447
12565, 364, 366, 447
12584, 365, 368, 446
12604, 366, 371, 446
12624, 366, 369, 446
12644, 361, 377, 444
12663, 366, 369, 446
12683, 369, 373, 443
12703, 364, 372, 445
12723, 364, 368, 448
12742, 365, 370, 447
12763, 365, 372, 445
12782, 363, 370, 447
12802, 363, 372, 447
12822, 364, 370, 447
12841, 365, 373, 445
12861, 363, 371, 447
12880, 364, 372, 448
12901, 365, 374, 446
12920, 365, 376, 445
12940, 364, 374, 447
12960, 364, 374, 448
12980, 365, 374, 446
12999, 365, 376, 445
13019, 363, 378, 446
13039, 363, 375, 446
13059, 364, 378, 445
13078, 365, 374, 447
13099, 364, 377, 447
13118, 365, 379, 445
13137, 365, 376, 445
13158, 364, 373, 447
13177, 364, 374, 448
13197, 365, 379, 445
13216, 365, 380, 447
13237, 363, 373, 451
13256, 364, 378, 448
13276, 364, 381, 446
13296, 363, 378, 446
13316, 353, 382, 447
13335, 365, 378, 447
13356, 350, 393, 443
13375, 364, 380, 448
13394, 364, 382, 447
13414, 361, 380, 448
13434, 364, 380, 446
13454, 362, 379, 445
13473, 363, 379, 444
13494, 362, 381, 445
13513, 363, 378, 449
13533, 362, 378, 447
13553, 362, 383, 446
13573, 362, 383, 446
13592, 363, 381, 447
13612, 362, 379, 447
13632, 363, 378, 447
13651, 363, 379, 444
13671, 363, 381, 444
13691, 362, 382, 446
13711, 410, 396, 434
13730, 356, 385, 445
13750, 364, 384, 444
13770, 363, 383, 444
13790, 362, 381, 447
13809, 362, 379, 447
13830, 364, 383, 443
13849, 363, 385, 443
13869, 363, 381, 448
13889, 359, 382, 450
13908, 362, 386, 444
13928, 364, 387, 444
13947, 361, 382, 446
13968, 363, 381, 447
13987, 361, 386, 442
14007, 361, 389, 441
14027, 361, 383, 444
14047, 361, 382, 446
14066, 363, 383, 447
14087, 363, 385, 444
14106, 362, 385, 444
14126, 360, 384, 444
14145, 361, 379, 446
14166, 362, 385, 443
14185, 361, 387, 442
14204, 363, 386, 443
14225, 355, 382, 446
14244, 364, 386, 444
14264, 362, 385, 445
14283, 362, 387, 444
14304, 360, 387, 447
14323, 362, 386, 444
14343, 361, 383, 446
14363, 363, 387, 444
14383, 364, 388, 441
14402, 371, 390, 442
14423, 359, 380, 446
14442, 361, 389, 444
14461, 362, 388, 444
14481, 362, 386, 446
14501, 363, 389, 443
14521, 365, 386, 445
14540, 359, 384, 448
14561, 362, 390, 444
14580, 363, 390, 443
14600, 363, 391, 443
14620, 363, 388, 444
14640, 360, 392, 442
14659, 360, 392, 442
14679, 366, 391, 440
14699, 359, 393, 442
14718, 359, 396, 442
14738, 359, 393, 444
14758, 359, 393, 443
14778, 360, 391, 443
14797, 360, 396, 442
14818, 359, 395, 442
14837, 360, 394, 443
14857, 363, 395, 442
14876, 366, 405, 438
14897, 359, 401, 442
14916, 362, 396, 442
14936, 361, 398, 443
14956, 358, 398, 442
14976, 360, 398, 442
14995, 360, 401, 442
15014, 357, 399, 441
15035, 358, 396, 444
15054, 357, 395, 446
15074, 351, 400, 441
15094, 372, 409, 429
15114, 357, 406, 438
15133, 358, 402, 441
15154, 366, 399, 440
15173, 355, 396, 441
15193, 356, 400, 441
15212, 359, 400, 441
15233, 352, 393, 442
15252, 358, 400, 440
15271, 358, 400, 438
15292, 358, 402, 438
15311, 356, 404, 438
15331, 356, 406, 439
15351, 358, 404, 439
15371, 360, 404, 438
15390, 359, 404, 440
15410, 354, 399, 438
15430, 360, 408, 438
15450, 358, 405, 438
15469, 358, 406, 437
15490, 358, 407, 436
15509, 359, 405, 439
15528, 357, 408, 436
15548, 358, 408, 438
15568, 358, 407, 437
15588, 356, 407, 435
15607, 358, 413, 432
15628, 359, 407, 438
15647, 366, 414, 438
15667, 357, 408, 435
15687, 357, 410, 433
15707, 358, 415, 435
15726, 357, 414, 434
15746, 357, 414, 433
15766, 357, 409, 434
15785, 358, 410, 434
15805, 356, 413, 433
15825, 357, 413, 433
15845, 357, 411, 434
15864, 358, 415, 433
15885, 355, 415, 431
15904, 356, 414, 432
15924, 353, 416, 431
15943, 332, 407, 410
15964, 352, 443, 422
15983, 369, 410, 430
16003, 361, 419, 429
16023, 359, 418, 429
16043, 360, 419, 430
16062, 358, 419, 428
16082, 357, 420, 428
16102, 359, 417, 428
16121, 359, 419, 428
16141, 359, 420, 428
16161, 358, 419, 428
16181, 359, 418, 428
16200, 358, 420, 428
16221, 358, 418, 429
16240, 358, 419, 428
16260, 357, 421, 427
16279, 361, 435, 424
16300, 358, 423, 426
16319, 353, 419, 427
16338, 353, 427, 424
16359, 358, 430, 424
16378, 357, 421, 422
16398, 357, 422, 423
16418, 359, 423, 423
16438, 353, 419, 425
16457, 355, 424, 422
16477, 357, 425, 421
16497, 354, 424, 423
16517, 356, 431, 420
16536, 355, 426, 420
16557, 341, 422, 420
16576, 353, 433, 418
16595, 353, 430, 418
16616, 355, 431, 417
16635, 354, 430, 418
16655, 356, 429, 417
16674, 354, 431, 418
16695, 354, 428, 416
16714, 355, 427, 417
16734, 352, 430, 416
16754, 352, 431, 415
16774, 353, 429, 416
16793, 352, 432, 415
16813, 332, 433, 414
16833, 353, 433, 414
16852, 353, 434, 416
16872, 353, 432, 414
16892, 354, 431, 414
16912, 354, 433, 414
16931, 355, 432, 414
16952, 355, 431, 413
16971, 353, 431, 413
16991, 372, 445, 408
17010, 357, 432, 413
17031, 355, 434, 412
17050, 354, 433, 412
17070, 354, 435, 410
17090, 354, 434, 410
17110, 350, 427, 410
17129, 358, 436, 410
17149, 353, 436, 411
17169, 354, 435, 410
17188, 356, 433, 409
17208, 352, 435, 408
17228, 353, 435, 409
17248, 353, 434, 408
17267, 354, 436, 407
17288, 354, 438, 406
17307, 353, 436, 406
17327, 373, 452, 403
17347, 352, 440, 407
17367, 352, 429, 406
17386, 339, 436, 403
17405, 353, 438, 404
17426, 348, 438, 405
17445, 351, 438, 403
17465, 346, 440, 403
17485, 347, 439, 403
17505, 348, 441, 403
17524, 348, 439, 403
17544, 348, 437, 402
17564, 348, 436, 402
17584, 348, 438, 402
17603, 349, 436, 403
17624, 351, 438, 402
17643, 352, 438, 403
17662, 351, 440, 404
17683, 348, 438, 402
17702, 345, 436, 402
17722, 350, 442, 408
17741, 341, 438, 401
17762, 353, 440, 399
17781, 334, 423, 401
17801, 353, 447, 398
17821, 347, 436, 401
17841, 342, 436, 402
17860, 336, 433, 401
17881, 346, 436, 401
17900, 344, 436, 401
17920, 346, 432, 401
17939, 340, 436, 400
17959, 342, 439, 401
17979, 345, 440, 402
17998, 343, 433, 400
18019, 343, 433, 400
18038, 344, 433, 400
18058, 345, 441, 399
18077, 343, 443, 399
18098, 342, 443, 400
18117, 346, 438, 399
18137, 343, 436, 399
18157, 343, 444, 398
18177, 346, 442, 397
18196, 344, 439, 397
18216, 344, 438, 396
18236, 349, 439, 397
18255, 342, 439, 396
18275, 343, 442, 395
18295, 345, 442, 396
18315, 347, 437, 396
18334, 346, 439, 395
18355, 344, 438, 393
18374, 343, 444, 395
18394, 347, 441, 393
18414, 344, 435, 394
18434, 348, 441, 394
18453, 349, 440, 394
18472, 344, 442, 394
18493, 347, 442, 394
18512, 348, 443, 393
18532, 347, 442, 393
18552, 348, 443, 393
18572, 349, 438, 393
18591, 345, 438, 391
18612, 350, 444, 393
18631, 345, 447, 392
18651, 349, 442, 392
18670, 347, 436, 392
18691, 346, 441, 393
18710, 349, 445, 392
18729, 344, 445, 391
18750, 351, 440, 392
18769, 351, 438, 391
18789, 347, 442, 391
18808, 352, 425, 386
18829, 335, 454, 389
18848, 343, 444, 390
18868, 349, 383, 388
18888, 353, 443, 387
18908, 344, 436, 387
18927, 346, 473, 386
18948, 349, 439, 386
18967, 345, 444, 387
18987, 343, 442, 385
19006, 327, 361, 388
19026, 345, 444, 384
19046, 344, 441, 383
19065, 348, 439, 382
19086, 355, 474, 379
19105, 345, 450, 381
19125, 346, 441, 380
19145, 361, 474, 378
19165, 350, 439, 377
19184, 348, 446, 376
19204, 347, 446, 375
19224, 352, 447, 374
19244, 357, 486, 370
19263, 351, 443, 373
19283, 350, 445, 373
19303, 353, 442, 370
19322, 346, 411, 370
19342, 349, 443, 369
19362, 350, 440, 368
19382, 355, 457, 364
19401, 357, 466, 362
19422, 352, 445, 364
19441, 352, 442, 364
19461, 354, 448, 363
19481, 351, 442, 363
19501, 340, 405, 357
19520, 351, 450, 361
19539, 352, 444, 360
19560, 356, 467, 358
19579, 352, 446, 359
19599, 355, 441, 358
19619, 351, 444, 357
19639, 350, 442, 358
19658, 352, 464, 352
19679, 349, 449, 355
19698, 353, 441, 355
19718, 352, 449, 352
19737, 354, 446, 355
19758, 354, 444, 351
19777, 354, 447, 353
19796, 351, 447, 351
19817, 350, 444, 351
19836, 350, 442, 351
19856, 352, 432, 351
19876, 353, 439, 350
19896, 350, 441, 351
19915, 353, 444, 348
19935, 350, 440, 348
19955, 352, 442, 345
19975, 350, 438, 344
19994, 353, 438, 344
20015, 352, 443, 343
20034, 350, 444, 342
20054, 354, 440, 342
20073, 353, 438, 340
20093, 351, 435, 341
20113, 355, 443, 340
20132, 356, 444, 336
20153, 352, 438, 337
20172, 352, 436, 337
20192, 353, 434, 337
20212, 351, 442, 335
20232, 348, 436, 339
20251, 352, 439, 330
20271, 350, 433, 336
20291, 350, 437, 334
20311, 351, 437, 333
20330, 351, 435, 333
20350, 351, 433, 332
20370, 351, 434, 333
20389, 350, 435, 334
20410, 351, 433, 332
20429, 351, 433, 329
20449, 351, 434, 330
20468, 350, 432, 333
20489, 350, 430, 332
20508, 350, 434, 328
20528, 352, 432, 329
20548, 348, 436, 330
20568, 352, 429, 331
20587, 350, 431, 328
20606, 350, 431, 327
20627, 351, 432, 329
20646, 352, 434, 327
20666, 349, 431, 328
20686, 350, 427, 328
20706, 351, 431, 327
20725, 348, 429, 328
20746, 357, 428, 329
20765, 350, 430, 326
20785, 349, 426, 326
20804, 349, 428, 326
20825, 349, 429, 326
20844, 349, 431, 325
20864, 350, 427, 325
20884, 350, 425, 325
20903, 349, 426, 322
20923, 347, 428, 323
20943, 348, 428, 322
20963, 347, 425, 320
20982, 347, 424, 318
21002, 350, 422, 319
21022, 349, 423, 319
21042, 350, 424, 320
21061, 349, 422, 318
21082, 348, 423, 315
21101, 348, 419, 317
21121, 349, 419, 315
21141, 346, 422, 315
21160, 348, 423, 314
21180, 348, 414, 317
21199, 350, 410, 325
21220, 347, 421, 313
21239, 350, 416, 316
21259, 347, 425, 309
21279, 349, 415, 310
21299, 350, 416, 311
21318, 349, 415, 314
21338, 346, 407, 318
21358, 350, 416, 314
21378, 349, 418, 312
21397, 350, 416, 312
21417, 348, 415, 310
21437, 350, 413, 311
21456, 354, 413, 316
21477, 349, 412, 310
21496, 347, 412, 317
21516, 349, 415, 313
21535, 349, 415, 313
21556, 350, 413, 312
21575, 351, 410, 317
21595, 349, 419, 308
21615, 348, 420, 305
21635, 348, 413, 312
21654, 349, 413, 312
21675, 349, 414, 313
21694, 351, 412, 315
21713, 351, 413, 311
21733, 349, 417, 305
21753, 351, 412, 311
21773, 349, 414, 311
21792, 351, 412, 312
21813, 349, 411, 309
21832, 350, 412, 310
21852, 351, 413, 312
21871, 349, 410, 309
21892, 349, 410, 309
21911, 349, 410, 307
21931, 348, 408, 306
21951, 351, 409, 308
21970, 352, 409, 309
21990, 349, 413, 302
22010, 351, 407, 307
22030, 348, 407, 305
22049, 351, 405, 307
22069, 354, 407, 307
22089, 351, 404, 307
22109, 351, 406, 305
22128, 351, 406, 305
22149, 348, 406, 306
22168, 351, 404, 306
22188, 350, 405, 305
22208, 351, 404, 305
22227, 351, 404, 306
22247, 350, 404, 305
22266, 352, 403, 304
22287, 351, 401, 303
22306, 352, 401, 303
22326, 351, 400, 304
22346, 351, 402, 304
22366, 351, 401, 304
22385, 351, 400, 301
22406, 351, 398, 302
22425, 351, 399, 302
22445, 351, 399, 302
22464, 351, 396, 302
22484, 351, 397, 301
22504, 352, 397, 302
22523, 353, 393, 301
22544, 353, 396, 301
22563, 352, 395, 300
22583, 351, 394, 300
22602, 352, 392, 300
22623, 352, 391, 298
22642, 353, 392, 300
22662, 354, 390, 300
22682, 352, 391, 300
22702, 352, 390, 299
22721, 352, 392, 300
22742, 352, 390, 299
22761, 352, 388, 298
22780, 353, 390, 302
22800, 352, 389, 298
22820, 353, 388, 299
22840, 354, 389, 298
22859, 352, 387, 298
22880, 353, 385, 299
22899, 353, 387, 297
22919, 352, 389, 299
22939, 354, 386, 298
22959, 353, 386, 298
22978, 353, 386, 298
22998, 352, 385, 296
23018, 353, 386, 298
23037, 353, 384, 297
23057, 353, 384, 297
23077, 353, 385, 299
23097, 354, 384, 298
23116, 353, 382, 298
23136, 354, 381, 298
23156, 354, 383, 298
23176, 354, 383, 299
23195, 353, 381, 297
23216, 353, 381, 297
23235, 354, 383, 299
23255, 355, 380, 298
23275, 355, 379, 297
23294, 354, 378, 297
23314, 355, 378, 297
23333, 354, 377, 297
23354, 356, 377, 297
23373, 356, 375, 297
23393, 355, 376, 298
23413, 356, 375, 297
23433, 356, 376, 298
23452, 356, 373, 297
23473, 355, 375, 298
23492, 355, 373, 296
23512, 355, 372, 297
23531, 355, 373, 297
23552, 355, 372, 297
23571, 356, 372, 298
23590, 355, 369, 295
23611, 356, 368, 298
23630, 356, 370, 298
23650, 356, 370, 298
23670, 356, 370, 297
23690, 356, 367, 296
23709, 357, 366, 297
23729, 357, 369, 297
23749, 357, 369, 298
23769, 359, 366, 297
23788, 357, 366, 297
23809, 358, 364, 296
23828, 358, 367, 300
23847, 357, 364, 299
23867, 359, 365, 300
23887, 356, 362, 296
23907, 357, 362, 298
23926, 357, 364, 299
23947, 359, 362, 299
23966, 359, 361, 299
23986, 358, 361, 297
24006, 358, 361, 298
24026, 358, 360, 299
24045, 358, 357, 297
24065, 358, 358, 297
24085, 359, 359, 298
24104, 359, 358, 300
24124, 359, 357, 297
24144, 357, 359, 300
24164, 360, 358, 299
24183, 358, 356, 299
24204, 358, 356, 299
24223, 359, 356, 300
24243, 360, 355, 298
24262, 359, 355, 300
24283, 359, 356, 298
24302, 361, 354, 299
24322, 359, 354, 300
24342, 359, 352, 301
24361, 359, 352, 298
24381, 359, 352, 300
24400, 360, 353, 299
24421, 358, 352, 300
24440, 357, 346, 304
24460, 357, 354, 297
24480, 358, 349, 302
24500, 356, 350, 300
24519, 364, 352, 300
24540, 358, 349, 301
24559, 361, 340, 307
24579, 360, 344, 304
24598, 360, 347, 302
24619, 358, 350, 300
24638, 361, 344, 301
24657, 360, 344, 301
24678, 360, 342, 300
24697, 359, 345, 302
24717, 360, 344, 302
24737, 359, 344, 300
24757, 360, 339, 302
24776, 361, 344, 302
24796, 361, 342, 304
24816, 360, 341, 304
24836, 363, 344, 301
24855, 360, 339, 301
24876, 361, 339, 303
24895, 359, 344, 306
24914, 360, 341, 304
24935, 361, 341, 304
24954, 359, 337, 304
24974, 360, 338, 304
24993, 362, 339, 305
25014, 362, 339, 305
25033, 359, 337, 303
25053, 359, 338, 304
25073, 361, 340, 304
25093, 362, 340, 308
25112, 361, 340, 306
25132, 360, 333, 304
25152, 361, 336, 306
25171, 361, 336, 305
25191, 364, 339, 306
25211, 362, 334, 307
25231, 366, 335, 304
25250, 361, 337, 306
25271, 362, 338, 306
25290, 362, 337, 306
25310, 361, 335, 302
25329, 361, 332, 305
25350, 363, 336, 307
25369, 359, 333, 306
25389, 364, 330, 309
25409, 363, 324, 314
25428, 363, 337, 308
25448, 363, 334, 307
25468, 363, 335, 309
25488, 364, 332, 307
25507, 364, 330, 307
25527, 363, 332, 308
25547, 365, 334, 310
25567, 365, 333, 309
25586, 362, 328, 311
25607, 367, 332, 312
25626, 364, 331, 312
25646, 363, 326, 312
25665, 367, 337, 303
25686, 365, 327, 312
25705, 365, 325, 312
25724, 365, 324, 313
25745, 366, 322, 312
25764, 366, 324, 312
25784, 366, 323, 311
25804, 364, 321, 313
25824, 361, 326, 314
25843, 366, 322, 313
25863, 366, 325, 312
25883, 368, 326, 314
25903, 367, 327, 314
25922, 366, 325, 314
25943, 367, 322, 312
25962, 366, 324, 312
25981, 365, 323, 315
26002, 370, 324, 314
26021, 367, 319, 315
26041, 366, 321, 313
26060, 371, 321, 316
26081, 368, 328, 316
26100, 368, 320, 314
26120, 360, 323, 314
26140, 367, 324, 312
26160, 355, 330, 307
26179, 369, 323, 319
26200, 370, 319, 319
26219, 361, 323, 314
26238, 367, 320, 316
26258, 365, 320, 318
26278, 369, 319, 319
26298, 366, 317, 319
26317, 365, 321, 316
26338, 364, 319, 313
26357, 368, 317, 321
26377, 371, 321, 320
26396, 366, 317, 320
26417, 372, 315, 321
26436, 367, 317, 317
26456, 368, 317, 321
26476, 367, 316, 322
26496, 368, 319, 321
26515, 369, 314, 321
26535, 374, 316, 322
26555, 369, 315, 323
26574, 370, 317, 324
26594, 367, 312, 322
26614, 370, 308, 326
26634, 371, 314, 324
26653, 371, 315, 325
26674, 365, 308, 317
26693, 367, 311, 324
26713, 370, 312, 325
26733, 369, 314, 323
26753, 372, 315, 326
26772, 370, 312, 325
26791, 370, 312, 328
26812, 368, 312, 324
26831, 372, 315, 326
26851, 370, 312, 326
26871, 372, 313, 326
26891, 375, 308, 331
26910, 373, 312, 327
26930, 373, 314, 328
26950, 372, 309, 327
26970, 372, 309, 328
26989, 372, 312, 327
27010, 373, 309, 330
27029, 372, 312, 328
27048, 372, 312, 328
27069, 372, 310, 331
27088, 371, 310, 329
27108, 371, 311, 329
27127, 371, 309, 330
27148, 372, 309, 331
27167, 371, 306, 333
27187, 371, 312, 330
27207, 371, 307, 330
27227, 371, 311, 330
27246, 369, 307, 332
27267, 371, 310, 332
27286, 369, 312, 330
27305, 369, 307, 333
27325, 371, 308, 333
27345, 369, 307, 335
27365, 369, 308, 332
27384, 367, 307, 332
27405, 368, 307, 335
27424, 352, 313, 324
27444, 365, 311, 332
27464, 366, 306, 332
27484, 367, 307, 333
27503, 369, 307, 335
27523, 369, 307, 335
27543, 369, 306, 333
27563, 367, 306, 334
27582, 368, 304, 336
27602, 368, 308, 336
27622, 367, 304, 336
27641, 368, 301, 336
27661, 368, 305, 337
27681, 369, 307, 335
27701, 370, 308, 336
27720, 368, 302, 337
27741, 367, 305, 337
27760, 368, 306, 338
27780, 368, 305, 337
27800, 369, 306, 336
27820, 369, 303, 338
27839, 370, 306, 340
27858, 365, 303, 336
27879, 368, 305, 337
27898, 367, 304, 338
27918, 368, 304, 339
27938, 367, 301, 337
27958, 372, 288, 333
27977, 363, 304, 340
27998, 370, 303, 341
28017, 368, 302, 341
28037, 370, 302, 341
28056, 368, 310, 336
28077, 362, 306, 337
28096, 364, 304, 341
28115, 349, 335, 330
28136, 369, 297, 340
28155, 368, 298, 340
28175, 371, 304, 337
28194, 362, 304, 340
28215, 359, 304, 342
28234, 359, 301, 341
28254, 367, 309, 339
28274, 361, 304, 341
28294, 362, 306, 338
28313, 356, 299, 342
28334, 357, 301, 343
28353, 359, 303, 342
28372, 361, 304, 343
28392, 360, 304, 341
28412, 359, 300, 344
28432, 357, 301, 342
28451, 360, 303, 341
28472, 356, 303, 345
28491, 358, 302, 344
28511, 358, 303, 345
28531, 355, 298, 346
28551, 358, 303, 345
28570, 357, 300, 346
28590, 354, 296, 347
28610, 357, 299, 347
28630, 359, 302, 346
28649, 356, 296, 348
28669, 360, 302, 350
28689, 358, 299, 349
28708, 357, 297, 350
28729, 358, 298, 349
28748, 359, 298, 350
28768, 358, 295, 353
28787, 361, 300, 352
28808, 360, 300, 352
28827, 358, 299, 351
28847, 358, 299, 353
28867, 357, 296, 354
28887, 359, 300, 354
28906, 357, 297, 354
28925, 359, 299, 353
28946, 359, 299, 354
28965, 358, 298, 353
28985, 356, 298, 356
29005, 357, 308, 357
29025, 357, 298, 356
29044, 353, 291, 359
29065, 357, 298, 355
29084, 351, 292, 358
29104, 342, 311, 358
29123, 357, 295, 359
29144, 355, 288, 361
29163, 344, 287, 364
29182, 349, 306, 356
29203, 360, 301, 352
29222, 354, 301, 346
29242, 372, 305, 363
29262, 356, 296, 354
29282, 359, 302, 352
29301, 359, 298, 354
29321, 362, 296, 356
29341, 359, 299, 355
29361, 361, 294, 355
29380, 359, 295, 357
29401, 361, 301, 354
29420, 362, 297, 355
29440, 363, 295, 358
29459, 364, 293, 359
29479, 361, 292, 361
29499, 365, 296, 359
29518, 366, 298, 359
29539, 366, 301, 360
29558, 364, 294, 366
29578, 365, 295, 362
29598, 365, 296, 363
29618, 366, 299, 364
29637, 366, 292, 365
29657, 365, 293, 367
29677, 369, 295, 361
29697, 366, 298, 363
29716, 365, 293, 365
29736, 358, 292, 367
29756, 368, 293, 364
29775, 366, 293, 364
29796, 369, 299, 364
29815, 366, 293, 363
29835, 369, 298, 366
29854, 368, 298, 364
29875, 368, 300, 365
29894, 368, 294, 365
29914, 367, 292, 367
29934, 372, 294, 365
29954, 368, 288, 371
29973, 368, 295, 366
29993, 372, 293, 366
30013, 371, 299, 365
30032, 368, 301, 366
30052, 372, 296, 364
30072, 367, 287, 370
30092, 377, 286, 368
30111, 369, 293, 368
30132, 374, 300, 368
30151, 369, 300, 371
30171, 374, 294, 368
30190, 372, 292, 370
30211, 370, 298, 371
30230, 375, 295, 369
30249, 375, 291, 372
30270, 368, 302, 372
30289, 374, 298, 369
30309, 369, 295, 373
30329, 375, 294, 372
30349, 371, 295, 372
30368, 372, 298, 371
30388, 372, 299, 372
30408, 370, 293, 376
30428, 370, 289, 378
30447, 369, 292, 378
30468, 371, 297, 376
30487, 371, 300, 375
30507, 368, 292, 381
30527, 366, 293, 382
30546, 372, 296, 379
30566, 370, 297, 383
30585, 363, 299, 393
30606, 365, 296, 390
30625, 365, 296, 389
30645, 367, 296, 387
30665, 366, 297, 387
30685, 370, 297, 386
30704, 365, 297, 389
30724, 367, 295, 388
30744, 366, 296, 390
30764, 367, 298, 389
30783, 370, 296, 388
30803, 365, 295, 391
30823, 369, 296, 387
30842, 365, 295, 389
30863, 364, 297, 389
30882, 367, 296, 390
30902, 369, 294, 391
30921, 364, 299, 390
30942, 364, 301, 390
30961, 366, 298, 391
30981, 366, 297, 391
31001, 366, 298, 391
31021, 368, 299, 390
31040, 367, 298, 391
31060, 366, 297, 391
31080, 367, 298, 392
31099, 368, 301, 392
31119, 366, 297, 394
31139, 365, 299, 393
31159, 368, 299, 391
31178, 368, 299, 392
31199, 365, 297, 395
31218, 366, 296, 394
31238, 367, 299, 392
31258, 365, 299, 395
31278, 367, 295, 394
31297, 366, 299, 394
31316, 360, 297, 397
31337, 364, 299, 392
31356, 368, 298, 390
31376, 364, 300, 390
31396, 366, 301, 391
31416, 359, 297, 396
31435, 360, 296, 396
31455, 360, 299, 394
31475, 360, 299, 393
31495, 362, 300, 394
31514, 364, 295, 393
31535, 364, 294, 394
31554, 357, 300, 392
31574, 362, 301, 393
31594, 362, 301, 394
31613, 365, 298, 395
31633, 369, 295, 401
31652, 361, 299, 397
31673, 363, 300, 396
31692, 364, 300, 392
31712, 366, 298, 393
31732, 363, 299, 396
31752, 363, 297, 398
31771, 362, 300, 395
31792, 364, 300, 395
31811, 363, 299, 396
31831, 363, 298, 395
31850, 363, 298, 395
31870, 363, 299, 395
31890, 366, 299, 395
31909, 363, 297, 397
31930, 365, 297, 396
31949, 361, 301, 397
31969, 363, 301, 395
31988, 362, 298, 397
32009, 364, 296, 398
32028, 363, 298, 397
32048, 363, 300, 396
32068, 366, 301, 395
32088, 362, 301, 397
32107, 363, 298, 398
32128, 363, 296, 397
32147, 365, 299, 396
32166, 361, 301, 398
32186, 362, 302, 397
32206, 364, 300, 397
32226, 364, 298, 399
32245, 365, 301, 398
32266, 365, 304, 397
32285, 365, 301, 398
32305, 368, 300, 398
32325, 367, 299, 399
32345, 381, 307, 389
32364, 367, 303, 400
32384, 368, 301, 401
32404, 370, 300, 401
32423, 369, 300, 401
32443, 368, 301, 399
32463, 367, 300, 401
32483, 367, 301, 400
32502, 370, 304, 395
32523, 369, 301, 399
32542, 370, 299, 401
32562, 369, 301, 403
32581, 369, 300, 405
32602, 369, 302, 404
32621, 372, 302, 397
32641, 371, 301, 402
32661, 371, 300, 404
32680, 371, 303, 404
32700, 368, 302, 408
32719, 370, 304, 401
32740, 372, 304, 403
32759, 380, 306, 402
32779, 370, 303, 404
32799, 368, 304, 403
32819, 369, 303, 402
32838, 370, 309, 398
32859, 370, 304, 404
32878, 371, 303, 407
32898, 371, 302, 407
32917, 376, 305, 408
32937, 375, 307, 402
32957, 372, 304, 409
32976, 373, 303, 407
32997, 375, 306, 403
33016, 379, 306, 404
33036, 377, 307, 408
33056, 375, 306, 409
33076, 375, 305, 411
33095, 381, 308, 406
33115, 379, 308, 402
33135, 377, 307, 409
33155, 378, 305, 412
33174, 377, 306, 411
33195, 383, 310, 410
33214, 380, 312, 410
33233, 389, 312, 412
33253, 392, 312, 410
33273, 379, 308, 411
33293, 380, 311, 411
33312, 379, 313, 414
33333, 381, 313, 417
33352, 381, 312, 417
33372, 375, 309, 413
33392, 378, 313, 414
33412, 381, 309, 414
33431, 379, 312, 415
33451, 379, 311, 416
33471, 373, 311, 417
33490, 379, 312, 416
33510, 375, 314, 416
33530, 378, 315, 416
33550, 377, 314, 418
33569, 376, 310, 418
33590, 372, 307, 416
33609, 376, 315, 416
33629, 378, 314, 418
33648, 377, 311, 420
33669, 375, 312, 416
33688, 378, 313, 416
33708, 375, 313, 417
33728, 376, 311, 420
33747, 377, 310, 419
33767, 375, 311, 418
33787, 372, 315, 415
33807, 374, 314, 414
33826, 374, 315, 419
33846, 374, 312, 420
33866, 374, 313, 421
33886, 371, 318, 420
33905, 372, 316, 421
33926, 372, 311, 424
33945, 370, 316, 423
33965, 371, 315, 421
33984, 373, 316, 421
34004, 371, 318, 425
34024, 371, 314, 426
34043, 371, 315, 423
34064, 371, 319, 421
34083, 371, 321, 422
34103, 371, 317, 426
34123, 368, 316, 424
34143, 371, 319, 424
34162, 372, 319, 424
34182, 368, 320, 424
34202, 370, 317, 424
34222, 371, 319, 424
34241, 369, 319, 423
34262, 368, 319, 427
34281, 369, 318, 429
34300, 369, 318, 426
34321, 370, 319, 427
34340, 369, 321, 427
34360, 369, 317, 428
34379, 368, 320, 429
34400, 368, 322, 427
34419, 370, 321, 425
34439, 370, 320, 427
34459, 369, 324, 428
34479, 367, 323, 429
34498, 368, 322, 431
34518, 368, 322, 431
34538, 367, 324, 428
34557, 368, 327, 426
34577, 366, 329, 429
34597, 368, 324, 431
34617, 367, 324, 433
34636, 367, 324, 433
34657, 366, 328, 433
34676, 366, 325, 433
34696, 367, 325, 433
34715, 367, 324, 432
34736, 364, 326, 434
34755, 365, 328, 431
34775, 366, 329, 431
34795, 366, 327, 434
34814, 365, 329, 433
34834, 364, 323, 439
34854, 364, 329, 434
34874, 364, 331, 433
34893, 365, 334, 432
34913, 363, 336, 433
34933, 364, 331, 438
34953, 364, 333, 436
34972, 364, 332, 434
34993, 365, 334, 435
35012, 364, 336, 435
35032, 364, 334, 437
35052, 363, 333, 438
35072, 363, 335, 437
35091, 364, 335, 436
35110, 364, 336, 437
35131, 364, 337, 438
35150, 364, 334, 439
35170, 364, 337, 439
35190, 362, 336, 438
35210, 363, 336, 439
35229, 364, 340, 438
35249, 363, 339, 438
35269, 363, 338, 440
35289, 363, 338, 441
35308, 362, 338, 442
35329, 362, 342, 439
35348, 362, 340, 440
35367, 361, 339, 440
35388, 363, 342, 439
35407, 361, 338, 442
35427, 363, 341, 441
35446, 360, 344, 438
35467, 363, 341, 441
35486, 362, 341, 443
35506, 361, 340, 441
35526, 361, 340, 444
35546, 362, 339, 444
35565, 362, 344, 437
35586, 363, 343, 440
35605, 362, 343, 443
35624, 362, 343, 443
35644, 361, 343, 444
35664, 361, 344, 440
35684, 361, 345, 440
35703, 364, 346, 442
35724, 361, 344, 442
35743, 362, 347, 441
35763, 361, 344, 443
35782, 361, 345, 444
35803, 361, 345, 442
35822, 362, 345, 443
35842, 362, 345, 441
35862, 362, 345, 442
35881, 361, 345, 443
35901, 362, 347, 443
35921, 362, 346, 445
35941, 362, 348, 444
35960, 363, 349, 441
35980, 361, 348, 441
36000, 362, 350, 444
36020, 362, 348, 444
36039, 360, 348, 445
36060, 361, 352, 443
36079, 362, 353, 443
36099, 363, 351, 443
36119, 361, 352, 444
36139, 362, 350, 442
36158, 360, 353, 441
36177, 361, 353, 442
36198, 363, 354, 444
36217, 363, 353, 442
36237, 362, 351, 446
36257, 361, 354, 445
36277, 363, 353, 443
36296, 361, 356, 446
36317, 361, 354, 445
36336, 360, 357, 445
36356, 360, 355, 445
36375, 362, 357, 442
36396, 360, 354, 446
36415, 360, 357, 448
36434, 359, 359, 446
36455, 363, 359, 443
36474, 362, 361, 442
36494, 363, 358, 442
36513, 360, 359, 445
36534, 359, 360, 447
36553, 362, 359, 444
36573, 363, 360, 441
36593, 361, 360, 445
36613, 361, 360, 446
36632, 363, 360, 447
36653, 361, 359, 448
36672, 362, 362, 445
36691, 363, 361, 442
36711, 362, 365, 444
36731, 362, 363, 449
36751, 360, 362, 450
36770, 364, 364, 444
36791, 362, 366, 441
36810, 363, 366, 443
36830, 362, 366, 449
36850, 362, 365, 447
36870, 361, 368, 444
36889, 363, 368, 444
36909, 363, 369, 446
36929, 362, 367, 451
36948, 363, 368, 449
36968, 363, 370, 443
36988, 362, 372, 441
37008, 362, 371, 445
37027, 361, 369, 448
37047, 361, 370, 448
37067, 362, 372, 446
37087, 363, 374, 444
37106, 362, 374, 446
37127, 357, 367, 448
37146, 362, 372, 447
37166, 360, 373, 445
37186, 362, 372, 444
37206, 362, 376, 446
37225, 362, 374, 447
37244, 361, 375, 446
37265, 363, 376, 446
37284, 362, 376, 444
37304, 361, 376, 447
37324, 361, 373, 450
37344, 362, 376, 447
37363, 362, 375, 443
37384, 361, 378, 447
37403, 362, 376, 449
37423, 360, 378, 447
37442, 361, 375, 449
37463, 362, 378, 443
37482, 362, 379, 443
37501, 362, 377, 446
37522, 361, 374, 451
37541, 360, 377, 449
37561, 362, 379, 444
37581, 361, 377, 445
37601, 362, 378, 445
37620, 360, 379, 450
37640, 361, 379, 447
37660, 364, 379, 442
37680, 361, 381, 444
37699, 362, 380, 448
37720, 362, 379, 448
37739, 362, 382, 444
37758, 362, 381, 445
37778, 362, 380, 444
37798, 362, 379, 448
37818, 359, 382, 447
37837, 362, 381, 445
37858, 363, 381, 443
37877, 362, 384, 446
37897, 362, 382, 445
37917, 363, 383, 443
37937, 362, 386, 445
37956, 360, 386, 447
37976, 361, 383, 448
37996, 361, 384, 442
38016, 363, 384, 441
38035, 363, 389, 442
38055, 360, 387, 448
38075, 362, 387, 447
38094, 363, 387, 442
38115, 363, 386, 441
38134, 361, 387, 443
38154, 360, 386, 446
38173, 362, 385, 445
38194, 363, 389, 440
38213, 364, 388, 442
38233, 362, 388, 445
38253, 361, 388, 447
38273, 362, 387, 444
38292, 363, 389, 442
38311, 362, 389, 441
38332, 362, 387, 445
38351, 361, 389, 446
38371, 363, 389, 441
38391, 364, 390, 443
38411, 363, 393, 442
38430, 363, 389, 444
38451, 362, 391, 443
38470, 363, 392, 442
38490, 362, 391, 442
38509, 363, 391, 443
38530, 363, 390, 445
38549, 362, 392, 444
38568, 364, 391, 444
38589, 362, 392, 441
38608, 363, 390, 443
38628, 363, 392, 443
38648, 362, 393, 442
38668, 364, 391, 442
38687, 363, 394, 443
38707, 362, 393, 445
38727, 362, 393, 444
38747, 361, 392, 443
38766, 363, 392, 440
38787, 364, 391, 441
38806, 362, 393, 443
38825, 362, 393, 445
38846, 364, 394, 443
38865, 365, 394, 441
38885, 363, 395, 442
38904, 362, 395, 445
38925, 363, 394, 443
38944, 363, 396, 440
38964, 364, 396, 440
38984, 364, 397, 444
39004, 362, 397, 443
39023, 363, 396, 442
39043, 364, 394, 441
39063, 363, 396, 439
39083, 362, 395, 443
39102, 361, 397, 443
39122, 365, 393, 441
39142, 363, 396, 439
39161, 364, 397, 441
39182, 364, 396, 444
39201, 364, 397, 442
39221, 365, 398, 439
39240, 364, 398, 438
39261, 364, 396, 442
39280, 363, 397, 441
39300, 366, 395, 440
39320, 364, 398, 439
39340, 363, 398, 443
39359, 363, 399, 444
39379, 363, 397, 442
39399, 364, 401, 438
39418, 363, 400, 442
39438, 363, 399, 440
39458, 363, 399, 441
39478, 364, 400, 438
39497, 363, 399, 439
39518, 363, 402, 441
39537, 363, 398, 440
39557, 362, 399, 440
39576, 364, 400, 440
39597, 363, 401, 440
39616, 365, 402, 439
39635, 364, 401, 438
39656, 364, 404, 439
39675, 364, 402, 440
39695, 365, 402, 440
39715, 366, 402, 439
39735, 362, 400, 438
39754, 363, 404, 437
39774, 365, 402, 439
39794, 365, 403, 436
39814, 365, 402, 437
39833, 363, 403, 438
39854, 364, 408, 435
39873, 367, 405, 437
39892, 363, 408, 437
39913, 363, 410, 437
39932, 365, 411, 436
39952, 364, 410, 435
39971, 366, 409, 435
39992, 365, 410, 436
40011, 366, 409, 435
40031, 365, 412, 432
40051, 370, 405, 432
40071, 366, 410, 435
40090, 367, 414, 432
40111, 367, 413, 433
40130, 370, 410, 436
40150, 365, 410, 433
40169, 369, 405, 435
40189, 362, 411, 433
40209, 365, 413, 430
40228, 364, 415, 431
40249, 366, 415, 432
40268, 367, 411, 429
40288, 365, 411, 432
40307, 366, 415, 431
40328, 359, 410, 436
40347, 364, 414, 435
40367, 366, 415, 429
40387, 367, 414, 430
40407, 365, 416, 432
40426, 365, 416, 432
40446, 365, 413, 433
40466, 367, 410, 433
40485, 363, 414, 431
40505, 366, 416, 430
40525, 363, 413, 431
40545, 366, 416, 427
40564, 365, 416, 427
40585, 366, 417, 426
40604, 360, 419, 428
40624, 363, 420, 428
40644, 363, 417, 429
40664, 366, 418, 429
40683, 371, 423, 426
40702, 368, 427, 424
40723, 363, 419, 427
40742, 362, 417, 429
40762, 365, 425, 426
40782, 360, 420, 427
40802, 356, 421, 428
40821, 362, 417, 430
40841, 362, 423, 426
40861, 359, 422, 428
40881, 360, 421, 426
40900, 359, 419, 427
40921, 361, 420, 426
40940, 359, 422, 426
40960, 361, 421, 426
40980, 362, 422, 427
40999, 362, 422, 426
41019, 360, 424, 427
41038, 358, 427, 426
41059, 355, 427, 424
41078, 353, 422, 424
41098, 358, 416, 426
41118, 354, 423, 425
41138, 352, 422, 428
41157, 355, 421, 426
41178, 352, 423, 423
41197, 340, 413, 426
41217, 356, 422, 424
41236, 355, 421, 427
41256, 353, 423, 422
41276, 364, 436, 420
41295, 356, 432, 422
41316, 356, 425, 424
41335, 355, 423, 424
41355, 357, 419, 423
41375, 356, 425, 420
41395, 355, 419, 424
41414, 355, 422, 424
41434, 357, 423, 423
41454, 360, 427, 421
41474, 362, 421, 421
41493, 357, 423, 424
41513, 354, 428, 422
41533, 357, 426, 420
41552, 413, 417, 422
41572, 370, 425, 421
41592, 350, 436, 420
41612, 356, 425, 420
41631, 360, 423, 421
41652, 359, 429, 418
41671, 358, 453, 415
41691, 364, 423, 420
41711, 353, 431, 417
41731, 352, 427, 417
41750, 356, 424, 416
41769, 353, 433, 417
41790, 356, 430, 417
41809, 356, 430, 417
41829, 354, 428, 417
41849, 350, 427, 416
41869, 358, 431, 416
41888, 356, 432, 416
41909, 352, 426, 415
41928, 354, 428, 415
41948, 352, 427, 416
41967, 356, 437, 416
41988, 355, 431, 414
42007, 352, 423, 413
42027, 351, 430, 413
42047, 353, 433, 414
42066, 356, 433, 415
42086, 351, 430, 414
42105, 353, 429, 413
42126, 350, 431, 414
42145, 352, 434, 415
42165, 356, 433, 414
42185, 351, 434, 413
42205, 352, 431, 412
42224, 353, 432, 414
42245, 353, 433, 414
42264, 355, 432, 414
42284, 353, 433, 413
42303, 355, 430, 413
42323, 353, 429, 412
42343, 350, 434, 413
42362, 357, 431, 413
42383, 349, 430, 413
42402, 354, 432, 414
42422, 353, 433, 415
42442, 354, 434, 414
42462, 354, 430, 413
42481, 350, 431, 413
42501, 354, 434, 414
42521, 353, 432, 413
42541, 354, 433, 414
42560, 356, 430, 414
42580, 351, 431, 413
42600, 354, 431, 414
42619, 351, 435, 413
42640, 355, 433, 414
42659, 358, 436, 413
42679, 352, 429, 414
42698, 359, 436, 418
42719, 359, 426, 415
42738, 353, 420, 414
42758, 356, 429, 414
42778, 346, 445, 412
42798, 351, 439, 413
42817, 356, 428, 412
42836, 355, 427, 413
42857, 355, 434, 412
42876, 352, 432, 414
42896, 354, 432, 413
42916, 356, 429, 413
42936, 356, 434, 412
42955, 356, 433, 411
42976, 354, 433, 412
42995, 354, 437, 411
43015, 356, 429, 411
43034, 356, 435, 410
43055, 356, 433, 411
43074, 356, 433, 410
43094, 357, 435, 413
43114, 356, 435, 408
43133, 358, 437, 407
43153, 358, 434, 407
43173, 353, 433, 412
43193, 355, 437, 406
43212, 355, 441, 406
43232, 357, 434, 406
43252, 355, 435, 405
43272, 358, 437, 405
43291, 357, 435, 405
43312, 357, 437, 402
43331, 356, 441, 403
43351, 355, 435, 404
43370, 357, 434, 404
43390, 359, 436, 404
43410, 358, 436, 404
43429, 355, 444, 402
43450, 357, 438, 402
43469, 357, 437, 402
43489, 357, 435, 403
43509, 355, 436, 403
43529, 357, 443, 403
43548, 356, 436, 402
43568, 360, 439, 402
43588, 356, 440, 401
43608, 356, 437, 401
43627, 359, 437, 402
43648, 358, 439, 404
43667, 356, 439, 400
43686, 359, 443, 400
43707, 357, 439, 401
43726, 357, 439, 401
43746, 358, 438, 401
43765, 358, 440, 399
43786, 357, 439, 398
43805, 357, 441, 399
43825, 359, 442, 398
43845, 359, 436, 399
43865, 357, 444, 397
43884, 357, 440, 398
43905, 357, 444, 398
43924, 358, 437, 398
43943, 358, 438, 398
43963, 361, 441, 396
43983, 357, 442, 396
44003, 358, 440, 398
44022, 359, 435, 398
44043, 358, 441, 396
44062, 355, 445, 397
44082, 355, 443, 396
44101, 357, 443, 394
44122, 360, 438, 395
44141, 354, 443, 394
44161, 358, 441, 393
44181, 354, 443, 395
44200, 359, 442, 394
44220, 361, 442, 393
44240, 358, 441, 392
44260, 358, 444, 391
44279, 349, 440, 393
44299, 358, 439, 393
44319, 359, 441, 392
44339, 356, 437, 389
44358, 359, 449, 392
44379, 357, 442, 392
44398, 359, 442, 392
44418, 359, 439, 392
44438, 359, 444, 392
44457, 359, 442, 391
44477, 359, 442, 390
44496, 359, 446, 391
44517, 360, 439, 391
44536, 359, 447, 389
44556, 359, 442, 390
44576, 358, 442, 389
44596, 359, 447, 387
44615, 363, 439, 390
44635, 357, 444, 389
44655, 363, 440, 388
44675, 354, 419, 386
44694, 356, 450, 388
44715, 358, 442, 388
44734, 357, 449, 387
44753, 357, 443, 387
44774, 359, 444, 386
44793, 357, 443, 385
44813, 358, 447, 386
44832, 358, 442, 384
44853, 358, 447, 385
44872, 359, 443, 385
44892, 358, 444, 384
44912, 354, 443, 383
44932, 357, 442, 383
44951, 357, 446, 383
44972, 358, 441, 384
44991, 359, 450, 383
45010, 357, 445, 383
45030, 358, 448, 381
45050, 358, 447, 381
45070, 357, 446, 382
45089, 359, 443, 381
45110, 356, 442, 381
45129, 356, 444, 380
45149, 358, 448, 379
45169, 359, 449, 380
45189, 359, 445, 380
45208, 356, 449, 377
45228, 358, 446, 377
45248, 356, 449, 379
45267, 359, 447, 378
45287, 357, 444, 377
45307, 356, 445, 376
45327, 357, 445, 376
45346, 357, 446, 375
45366, 356, 447, 375
45386, 357, 442, 375
45406, 356, 446, 373
45425, 355, 443, 374
45446, 356, 447, 374
45465, 353, 443, 374
45485, 356, 448, 374
45505, 356, 447, 373
45524, 356, 443, 373
45544, 356, 445, 373
45563, 356, 445, 372
45584, 354, 448, 372
45603, 353, 443, 371
45623, 354, 445, 372
45643, 358, 447, 371
45663, 356, 446, 371
45682, 356, 446, 371
45703, 356, 446, 370
45722, 356, 445, 370
45742, 357, 445, 370
45761, 356, 445, 369
45782, 356, 447, 368
45801, 357, 443, 369
45820, 356, 447, 368
45841, 353, 444, 365
45860, 355, 448, 367
45880, 374, 452, 358
45899, 358, 447, 366
45920, 356, 446, 363
45939, 354, 438, 366
45959, 356, 448, 364
45979, 354, 450, 363
45999, 355, 445, 363
46018, 356, 444, 364
46039, 355, 443, 364
46058, 354, 447, 363
46077, 354, 446, 363
46097, 355, 444, 362
46117, 355, 445, 361
46137, 357, 447, 361
46156, 358, 447, 362
46177, 358, 445, 362
46196, 369, 457, 367
46216, 363, 437, 359
46236, 361, 443, 359
46256, 359, 442, 359
46275, 357, 448, 349
46295, 364, 451, 355
46315, 357, 444, 354
46334, 359, 448, 354
46354, 359, 448, 355
46374, 357, 444, 352
46394, 358, 442, 355
46413, 365, 446, 353
46434, 359, 446, 353
46453, 357, 441, 351
46473, 361, 445, 354
46492, 360, 449, 354
46513, 355, 444, 347
46532, 358, 419, 364
46552, 357, 448, 351
46572, 361, 439, 356
46592, 360, 448, 354
46611, 360, 448, 352
46630, 359, 441, 353
46651, 362, 446, 354
46670, 360, 444, 354
46690, 365, 453, 350
46710, 360, 442, 352
46730, 359, 438, 354
46749, 349, 433, 355
46770, 358, 446, 349
46789, 360, 447, 350
46809, 360, 442, 351
46828, 365, 450, 349
46849, 360, 436, 347
46868, 359, 446, 347
46887, 364, 454, 347
46908, 361, 440, 348
46927, 362, 441, 350
46947, 362, 438, 347
46967, 361, 444, 344
46987, 360, 445, 346
47006, 361, 443, 346
47026, 366, 429, 346
47046, 363, 439, 344
47066, 360, 449, 342
47085, 367, 447, 341
47106, 368, 430, 346
47125, 366, 442, 342
47144, 365, 441, 345
47164, 359, 450, 341
47184, 366, 434, 344
47204, 369, 437, 344
47223, 369, 442, 344
47244, 369, 435, 346
47263, 365, 434, 348
47283, 361, 441, 344
47303, 357, 439, 343
47323, 358, 446, 339
47342, 358, 446, 339
47362, 362, 435, 341
47382, 362, 438, 340
47401, 365, 442, 338
47421, 364, 434, 340
47441, 365, 430, 341
47461, 362, 442, 336
47480, 365, 446, 337
47501, 364, 438, 336
47520, 364, 435, 337
47540, 366, 437, 337
47559, 365, 438, 335
47580, 363, 435, 337
47599, 365, 441, 336
47619, 365, 436, 335
47639, 362, 435, 335
47659, 366, 432, 337
47678, 361, 438, 336
47698, 359, 438, 334
47718, 365, 432, 335
47737, 360, 433, 333
47757, 363, 435, 334
47777, 362, 437, 332
47797, 362, 438, 331
47816, 366, 436, 332
47837, 368, 432, 332
47856, 365, 433, 331
47876, 367, 436, 331
47895, 364, 433, 333
47916, 360, 434, 331
47935, 364, 433, 331
47954, 368, 431, 330
47975, 361, 434, 329
47994, 363, 432, 328
48014, 368, 435, 326
48034, 366, 433, 328
48054, 364, 428, 329
48073, 364, 433, 325
48093, 365, 430, 329
48113, 362, 431, 330
48133, 364, 433, 328
48152, 346, 428, 323
48173, 366, 427, 323
48192, 365, 432, 324
48211, 365, 433, 326
48232, 367, 430, 325
48251, 365, 427, 324
48271, 365, 429, 323
48290, 365, 429, 326
48311, 359, 434, 320
48330, 363, 427, 320
48350, 363, 426, 319
48370, 366, 427, 321
48390, 362, 429, 321
48409, 364, 427, 322
48429, 366, 426, 323
48449, 363, 430, 317
48468, 364, 429, 319
48488, 365, 425, 320
48508, 365, 427, 322
48528, 373, 431, 318
48547, 364, 426, 317
48568, 365, 422, 319
48587, 367, 425, 319
48607, 366, 423, 320
48626, 365, 424, 318
48647, 366, 423, 318
48666, 366, 422, 317
48686, 365, 423, 319
48706, 366, 423, 318
48726, 367, 424, 318
48745, 367, 423, 317
48765, 366, 420, 317
48785, 364, 421, 316
48804, 365, 420, 317
48824, 368, 421, 314
48844, 366, 421, 316
48864, 369, 419, 315
48883, 366, 420, 314
48904, 367, 417, 312
48923, 368, 420, 314
48943, 366, 418, 314
48963, 365, 418, 315
48983, 367, 417, 312
49002, 367, 417, 314
49021, 367, 416, 312
49042, 368, 417, 312
49061, 367, 417, 311
49081, 367, 415, 312
49101, 367, 415, 309
49121, 367, 413, 311
49140, 367, 415, 310
49160, 368, 415, 310
49180, 366, 414, 311
49200, 367, 413, 309
49219, 369, 414, 309
49240, 366, 413, 311
49259, 366, 413, 309
49278, 367, 411, 309
49299, 368, 410, 307
49318, 368, 409, 309
49338, 369, 412, 308
49357, 367, 410, 311
49378, 368, 411, 307
49397, 367, 408, 309
49417, 368, 408, 309
49437, 369, 408, 307
49457, 367, 408, 305
49476, 366, 408, 306
49497, 368, 408, 308
49516, 368, 406, 307
49536, 368, 406, 309
49555, 369, 406, 308
49575, 368, 406, 305
49595, 368, 406, 305
49614, 368, 405, 306
49635, 368, 403, 305
49654, 368, 404, 306
49674, 368, 404, 305
49693, 368, 403, 303
49714, 368, 402, 302
49733, 368, 400, 302
49753, 367, 400, 306
49773, 367, 402, 302
49793, 368, 401, 303
49812, 367, 400, 301
49832, 369, 399, 303
49852, 367, 399, 305
49871, 368, 401, 301
49891, 368, 399, 302
49911, 368, 397, 301
49931, 368, 396, 305
49950, 370, 393, 300
49971, 369, 394, 301
49990, 369, 395, 300
50010, 367, 397, 303
50030, 369, 395, 301
50050, 369, 394, 302
50069, 369, 393, 301
50088, 367, 390, 300
50109, 367, 392, 303
50128, 367, 394, 300
50148, 368, 390, 298
50168, 370, 388, 300
50188, 368, 388, 299
50207, 368, 389, 300
50228, 368, 389, 301
50247, 369, 385, 297
50267, 370, 385, 298
50286, 368, 383, 299
50307, 368, 385, 297
50326, 369, 386, 298
50345, 369, 388, 298
50366, 368, 385, 297
50385, 369, 382, 296
50405, 366, 382, 298
50424, 368, 383, 297
50445, 369, 384, 297
50464, 368, 383, 298
50484, 370, 381, 299
50504, 369, 383, 300
50524, 368, 382, 298
50543, 369, 383, 298
50564, 370, 380, 297
50583, 369, 379, 297
50603, 369, 380, 298
50622, 368, 378, 298
50642, 368, 379, 297
50662, 369, 378, 297
50681, 370, 378, 297
50702, 369, 380, 298
50721, 368, 376, 297
50741, 369, 378, 297
50761, 370, 376, 297
50781, 371, 372, 296
50800, 370, 375, 299
50820, 370, 379, 300
50840, 371, 377, 297
50860, 370, 376, 297
50879, 370, 373, 298
50899, 371, 368, 298
50919, 370, 370, 298
50938, 368, 373, 297
50958, 368, 377, 299
50978, 369, 373, 297
50998, 372, 371, 298
51017, 371, 369, 297
51038, 370, 370, 296
51057, 369, 370, 296
51077, 369, 372, 297
51097, 370, 372, 298
51117, 370, 366, 300
51136, 370, 369, 298
51155, 372, 369, 298
51176, 368, 372, 299
51195, 368, 370, 298
51215, 369, 369, 295
51235, 369, 367, 296
51255, 370, 367, 297
51274, 371, 368, 298
51295, 371, 368, 298
51314, 370, 368, 299
51334, 371, 369, 298
51353, 370, 365, 298
51374, 369, 364, 297
51393, 369, 365, 298
51412, 369, 366, 297
51433, 365, 360, 301
51452, 370, 361, 297
51472, 369, 359, 297
51492, 371, 365, 298
51512, 370, 363, 298
51531, 369, 360, 300
51551, 368, 358, 298
51571, 370, 361, 298
51591, 370, 358, 299
51610, 369, 357, 298
51631, 370, 352, 299
51650, 370, 359, 300
51670, 370, 359, 298
51689, 370, 357, 299
51709, 368, 355, 297
51729, 369, 356, 296
51748, 371, 358, 297
51769, 370, 357, 299
51788, 372, 357, 299
51808, 370, 354, 298
51828, 372, 359, 299
51848, 371, 356, 299
51867, 370, 356, 299
51887, 371, 353, 297
51907, 371, 356, 301
51927, 370, 354, 298
51946, 372, 355, 299
51966, 371, 356, 301
51986, 369, 352, 301
52005, 372, 354, 301
52026, 371, 353, 297
52045, 370, 351, 299
52065, 371, 356, 301
52084, 371, 355, 299
52105, 370, 353, 299
52124, 371, 349, 298
52144, 370, 350, 300
52164, 371, 352, 300
52184, 370, 352, 300
52203, 371, 350, 299
52222, 371, 351, 300
52243, 372, 351, 299
52262, 372, 349, 302
52282, 371, 350, 301
52302, 373, 349, 301
52322, 372, 354, 302
52341, 372, 349, 300
52362, 371, 348, 302
52381, 371, 351, 300
52401, 372, 353, 299
52420, 371, 348, 300
52441, 370, 348, 301
52460, 371, 349, 301
52480, 371, 351, 301
52500, 371, 349, 299
52519, 372, 348, 301
52539, 372, 350, 300
52559, 370, 350, 302
52579, 370, 345, 299
52598, 370, 348, 302
52618, 377, 353, 299
52638, 371, 347, 303
52658, 371, 348, 296
52677, 370, 345, 301
52698, 371, 350, 300
52717, 371, 350, 301
52737, 373, 346, 301
52757, 372, 347, 301
52776, 374, 350, 301
52796, 373, 347, 301
52815, 369, 347, 303
52836, 373, 345, 305
52855, 373, 346, 302
52875, 371, 346, 301
52895, 374, 345, 304
52915, 373, 346, 304
52934, 373, 345, 303
52954, 378, 345, 303
52974, 374, 347, 303
52994, 373, 345, 302
53013, 375, 344, 303
53033, 375, 341, 303
53053, 373, 341, 303
53072, 376, 341, 304
53093, 377, 340, 309
53112, 380, 341, 304
53132, 375, 338, 302
53151, 373, 341, 303
53172, 377, 343, 306
53191, 373, 342, 305
53211, 376, 345, 299
53231, 373, 341, 306
53251, 373, 341, 302
53270, 375, 340, 303
53291, 374, 341, 302
53310, 371, 340, 304
53329, 372, 340, 304
53349, 374, 340, 303
53369, 372, 339, 304
53389, 376, 338, 304
53408, 372, 340, 305
53429, 369, 340, 306
53448, 371, 340, 304
53468, 374, 336, 307
53487, 363, 340, 299
53508, 366, 335, 303
53527, 371, 338, 302
53547, 366, 336, 305
53567, 366, 335, 301
53586, 366, 337, 303
53606, 370, 328, 315
53626, 363, 336, 308
53646, 364, 335, 304
53665, 365, 339, 300
53685, 363, 336, 305
53705, 364, 339, 305
53725, 362, 335, 302
53744, 364, 335, 303
53765, 360, 336, 304
53784, 365, 338, 304
53804, 361, 335, 303
53824, 358, 331, 302
53843, 356, 332, 303
53863, 364, 333, 303
53882, 362, 336, 304
53903, 362, 332, 304
53922, 356, 332, 306
53942, 356, 336, 303
53962, 363, 333, 302
53982, 357, 331, 304
54001, 355, 332, 306
54022, 350, 332, 307
54041, 359, 331, 300
54061, 359, 332, 303
54080, 357, 333, 309
54100, 350, 333, 311
54120, 352, 331, 306
54139, 355, 328, 302
54160, 355, 330, 304
54179, 356, 333, 309
54199, 353, 331, 309
54218, 353, 330, 306
54239, 355, 327, 306
54258, 353, 330, 309
54278, 352, 331, 310
54298, 351, 328, 307
54318, 349, 325, 306
54337, 352, 328, 308
54358, 353, 329, 310
54377, 354, 331, 312
54396, 354, 327, 308
54416, 353, 325, 310
54436, 353, 326, 310
54456, 354, 327, 311
54475, 354, 326, 311
54496, 351, 325, 310
54515, 351, 327, 310
54535, 351, 328, 313
54555, 357, 327, 310
54575, 354, 326, 313
54594, 355, 322, 311
54614, 353, 324, 313
54634, 354, 323, 313
54653, 355, 325, 312
54673, 356, 325, 313
54693, 354, 323, 316
54713, 355, 323, 313
54732, 353, 320, 314
54752, 353, 323, 314
54772, 355, 323, 314
54792, 356, 319, 316
54811, 351, 324, 318
54832, 355, 318, 315
54851, 354, 320, 315
54871, 353, 320, 315
54891, 352, 320, 316
54910, 352, 320, 316
54930, 352, 318, 314
54949, 351, 317, 312
54970, 351, 321, 316
54989, 352, 320, 316
55009, 353, 319, 316
55029, 353, 318, 315
55049, 351, 318, 313
55068, 352, 318, 315
55089, 352, 318, 315
55108, 351, 319, 317
55128, 352, 317, 316
55147, 351, 318, 313
55168, 352, 319, 317
55187, 353, 318, 317
55206, 354, 316, 316
55227, 349, 312, 323
55246, 352, 315, 316
55266, 352, 315, 318
55286, 355, 318, 318
55306, 352, 316, 317
55325, 353, 316, 317
55345, 352, 316, 317
55365, 353, 316, 320
55385, 353, 316, 319
55404, 354, 314, 316
55425, 353, 311, 316
55444, 353, 314, 318
55463, 353, 312, 318
55483, 353, 313, 318
55503, 353, 314, 318
55523, 354, 312, 315
55542, 355, 314, 320
55563, 354, 315, 320
55582, 353, 313, 319
55602, 352, 311, 318
55622, 352, 312, 319
55642, 353, 315, 321
55661, 351, 314, 321
55681, 352, 310, 316
55701, 354, 313, 319
55720, 353, 314, 323
55740, 352, 312, 321
55760, 353, 311, 319
55780, 355, 312, 320
55799, 356, 313, 321
55820, 354, 312, 323
55839, 356, 310, 320
55859, 357, 308, 321
55878, 356, 312, 321
55899, 355, 314, 324
55918, 354, 313, 323
55938, 355, 313, 320
55958, 354, 311, 320
55977, 354, 312, 323
55997, 353, 314, 324
56016, 355, 314, 323
56037, 360, 316, 319
56056, 357, 313, 322
56076, 359, 315, 323
56096, 356, 313, 321
56116, 352, 306, 320
56135, 355, 311, 321
56156, 345, 313, 324
56175, 355, 312, 324
56195, 357, 311, 316
56214, 357, 310, 319
56235, 351, 312, 322
56254, 343, 322, 320
56273, 351, 317, 322
56294, 353, 310, 314
56313, 336, 336, 281
56333, 359, 312, 334
56353, 350, 316, 323
56373, 353, 316, 324
56392, 354, 311, 321
56412, 352, 311, 323
56432, 353, 315, 324
56452, 353, 317, 322
56471, 353, 314, 321
56492, 353, 312, 319
56511, 352, 313, 323
56530, 352, 313, 326
56551, 352, 312, 319
56570, 354, 314, 320
56590, 352, 314, 319
56609, 349, 315, 323
56630, 356, 313, 319
56649, 352, 308, 315
56669, 356, 308, 323
56689, 354, 311, 320
56709, 352, 312, 322
56728, 355, 311, 319
56748, 356, 314, 319
56768, 356, 312, 321
56787, 355, 313, 322
56807, 356, 311, 321
56827, 357, 315, 320
56847, 354, 312, 321
56866, 357, 312, 322
56887, 358, 311, 320
56906, 357, 309, 320
56926, 357, 310, 323
56945, 356, 309, 320
56966, 357, 308, 322
56985, 360, 310, 320
57005, 360, 310, 322
57025, 359, 310, 327
57044, 357, 309, 325
57064, 358, 307, 324
57084, 359, 305, 325
57104, 359, 307, 327
57123, 359, 309, 328
57143, 358, 306, 327
57163, 359, 306, 327
57183, 361, 307, 326
57202, 359, 304, 328
57223, 359, 303, 330
57242, 359, 304, 330
57262, 359, 303, 330
57281, 362, 305, 330
57302, 362, 306, 331
57321, 361, 306, 333
57340, 359, 301, 331
57361, 361, 302, 333
57380, 360, 303, 333
57400, 363, 303, 335
57420, 361, 304, 334
57440, 361, 303, 336
57459, 361, 301, 337
57479, 362, 304, 336
57499, 362, 301, 338
57519, 361, 301, 337
57538, 362, 302, 336
57559, 360, 299, 338
57578, 360, 300, 338
57597, 362, 302, 339
57618, 361, 300, 340
57637, 362, 303, 341
57657, 365, 299, 343
57676, 358, 296, 341
57697, 360, 300, 343
57716, 360, 302, 343
57736, 361, 301, 343
57756, 361, 299, 347
57776, 358, 299, 348
57795, 361, 299, 347
57816, 358, 298, 345
57835, 355, 300, 341
57854, 357, 303, 343
57874, 358, 297, 349
57894, 357, 299, 345
57914, 357, 299, 347
57933, 357, 298, 346
57954, 357, 297, 350
57973, 357, 297, 350
57993, 357, 300, 348
58012, 357, 299, 352
58033, 359, 300, 350
58052, 355, 295, 353
58072, 360, 294, 354
58092, 357, 298, 354
58112, 358, 296, 356
58131, 358, 299, 353
58151, 359, 302, 356
58171, 356, 295, 356
58190, 357, 294, 353
58210, 356, 296, 351
58230, 360, 299, 355
58250, 356, 298, 357
58269, 357, 297, 357
58290, 358, 297, 357
58309, 361, 295, 357
58329, 359, 294, 357
58349, 359, 296, 359
58369, 358, 297, 358
58388, 357, 297, 357
58407, 358, 298, 356
58428, 360, 295, 359
58447, 357, 295, 363
58467, 358, 296, 361
58487, 357, 297, 358
58507, 358, 296, 359
58526, 357, 296, 362
58546, 358, 296, 363
58566, 357, 294, 363
58586, 360, 295, 363
58605, 358, 299, 362
58626, 358, 297, 363
58645, 357, 294, 366
58664, 357, 295, 366
58685, 358, 295, 364
58704, 359, 293, 365
58724, 358, 294, 367
58743, 357, 291, 366
58764, 358, 293, 367
58783, 358, 296, 367
58803, 359, 295, 366
58823, 358, 295, 370
58843, 358, 293, 368
58862, 359, 294, 370
58883, 358, 297, 370
58902, 357, 299, 367
58921, 358, 295, 373
58941, 357, 293, 369
58961, 357, 294, 371
58981, 359, 295, 371
59000, 358, 299, 371
59021, 358, 292, 371
59040, 356, 294, 375
59060, 358, 297, 372
59080, 359, 296, 373
59100, 355, 296, 374
59119, 358, 294, 376
59139, 358, 296, 373
59159, 358, 296, 372
59179, 358, 296, 374
59198, 358, 296, 374
59218, 358, 293, 377
59238, 358, 294, 376
59257, 358, 297, 374
59277, 360, 295, 374
59297, 357, 297, 377
59317, 361, 296, 378
59336, 357, 293, 379
59357, 359, 292, 379
59376, 361, 297, 376
59396, 359, 297, 379
59416, 362, 294, 381
59436, 359, 293, 383
59455, 359, 295, 379
59474, 359, 295, 381
59495, 361, 297, 381
59514, 358, 295, 383
59534, 358, 297, 383
59554, 359, 295, 383
59574, 359, 296, 383
59593, 361, 297, 382
59614, 359, 297, 384
59633, 360, 295, 387
59653, 357, 295, 387
59672, 358, 296, 384
59693, 360, 299, 385
59712, 361, 298, 388
59731, 360, 299, 387
59752, 360, 295, 388
59771, 358, 296, 389
59791, 359, 299, 387
59810, 360, 297, 388
59831, 358, 297, 390
59850, 359, 297, 392
59870, 360, 297, 392
59890, 359, 298, 393
59910, 359, 298, 392
59929, 359, 299, 390
59950, 359, 300, 390
59969, 360, 299, 392
59988, 360, 297, 395
60008, 358, 297, 397
